timestamp,energy_pkg,unit,event_name,counter_runtime,pct_time_counter_running,energy_ram,retired_instructions
2023-07-24 15:33:07.001081,4.25,Joules,power/energy-pkg/,1001106085,100.0,,
2023-07-24 15:33:08.002412,3.71,Joules,power/energy-pkg/,1001320179,100.0,,
2023-07-24 15:33:09.003740,3.92,Joules,power/energy-pkg/,1001319634,100.0,,
2023-07-24 15:33:10.004982,3.97,Joules,power/energy-pkg/,1001226375,100.0,,
2023-07-24 15:33:11.006214,10.82,Joules,power/energy-pkg/,1001227905,100.0,,
2023-07-24 15:33:12.007445,5.08,Joules,power/energy-pkg/,1001217861,100.0,,
2023-07-24 15:33:13.008748,4.84,Joules,power/energy-pkg/,1001291693,100.0,,
2023-07-24 15:33:14.010038,3.87,Joules,power/energy-pkg/,1001289867,100.0,,
2023-07-24 15:33:15.011388,3.93,Joules,power/energy-pkg/,1001334045,100.0,,
2023-07-24 15:33:16.012709,3.42,Joules,power/energy-pkg/,1001312487,100.0,,
2023-07-24 15:33:17.014017,3.78,Joules,power/energy-pkg/,1001295658,100.0,,
2023-07-24 15:33:18.015404,4.06,Joules,power/energy-pkg/,1001386079,100.0,,
2023-07-24 15:33:19.016793,3.68,Joules,power/energy-pkg/,1001371822,100.0,,
2023-07-24 15:33:20.018118,3.79,Joules,power/energy-pkg/,1001321257,100.0,,
2023-07-24 15:33:21.019494,3.56,Joules,power/energy-pkg/,1001417856,100.0,,
2023-07-24 15:33:22.020929,3.65,Joules,power/energy-pkg/,1001368314,100.0,,
2023-07-24 15:33:23.022255,4.65,Joules,power/energy-pkg/,1001315434,100.0,,
2023-07-24 15:33:24.023585,3.77,Joules,power/energy-pkg/,1001320702,100.0,,
2023-07-24 15:33:25.024882,3.95,Joules,power/energy-pkg/,1001288692,100.0,,
2023-07-24 15:33:26.026233,3.83,Joules,power/energy-pkg/,1001342717,100.0,,
2023-07-24 15:33:27.027666,3.55,Joules,power/energy-pkg/,1001425838,100.0,,
2023-07-24 15:33:28.029162,3.54,Joules,power/energy-pkg/,1001486915,100.0,,
2023-07-24 15:33:29.030516,4.37,Joules,power/energy-pkg/,1001338244,100.0,,
2023-07-24 15:33:30.031880,3.56,Joules,power/energy-pkg/,1001358608,100.0,,
2023-07-24 15:33:31.033264,3.75,Joules,power/energy-pkg/,1001368669,100.0,,
2023-07-24 15:33:32.034606,3.99,Joules,power/energy-pkg/,1001339720,100.0,,
2023-07-24 15:33:33.035990,4.27,Joules,power/energy-pkg/,1001368935,100.0,,
2023-07-24 15:33:34.037340,3.7,Joules,power/energy-pkg/,1001338381,100.0,,
2023-07-24 15:33:35.038690,4.18,Joules,power/energy-pkg/,1001346350,100.0,,
2023-07-24 15:33:36.040075,3.77,Joules,power/energy-pkg/,1001369454,100.0,,
2023-07-24 15:33:37.041417,3.59,Joules,power/energy-pkg/,1001331239,100.0,,
2023-07-24 15:33:38.042718,3.89,Joules,power/energy-pkg/,1001295546,100.0,,
2023-07-24 15:33:39.044098,3.85,Joules,power/energy-pkg/,1001368975,100.0,,
2023-07-24 15:33:40.045482,3.61,Joules,power/energy-pkg/,1001374216,100.0,,
2023-07-24 15:33:41.046854,3.8,Joules,power/energy-pkg/,1001363108,100.0,,
2023-07-24 15:33:42.048217,3.71,Joules,power/energy-pkg/,1001352760,100.0,,
2023-07-24 15:33:43.049577,4.5,Joules,power/energy-pkg/,1001347621,100.0,,
2023-07-24 15:33:44.050961,4.46,Joules,power/energy-pkg/,1001380510,100.0,,
2023-07-24 15:33:45.052339,3.95,Joules,power/energy-pkg/,1001361772,100.0,,
2023-07-24 15:33:46.053672,9.15,Joules,power/energy-pkg/,1001322022,100.0,,
2023-07-24 15:33:47.055087,3.86,Joules,power/energy-pkg/,1001407781,100.0,,
2023-07-24 15:33:48.056370,3.58,Joules,power/energy-pkg/,1001278043,100.0,,
2023-07-24 15:33:49.057940,3.66,Joules,power/energy-pkg/,1001559535,100.0,,
2023-07-24 15:33:50.059435,3.59,Joules,power/energy-pkg/,1001485303,100.0,,
2023-07-24 15:33:51.061000,4.19,Joules,power/energy-pkg/,1001555938,100.0,,
2023-07-24 15:33:52.062364,3.43,Joules,power/energy-pkg/,1001346478,100.0,,
2023-07-24 15:33:53.063725,3.96,Joules,power/energy-pkg/,1001355821,100.0,,
2023-07-24 15:33:54.065121,4.07,Joules,power/energy-pkg/,1001388932,100.0,,
2023-07-24 15:33:55.066618,3.83,Joules,power/energy-pkg/,1001486246,100.0,,
2023-07-24 15:33:56.068180,3.93,Joules,power/energy-pkg/,1001553744,100.0,,
2023-07-24 15:33:57.069565,3.7,Joules,power/energy-pkg/,1001367887,100.0,,
2023-07-24 15:33:58.070913,3.47,Joules,power/energy-pkg/,1001341829,100.0,,
2023-07-24 15:33:59.072340,3.85,Joules,power/energy-pkg/,1001420728,100.0,,
2023-07-24 15:34:00.073718,3.82,Joules,power/energy-pkg/,1001365344,100.0,,
2023-07-24 15:34:01.074982,3.9,Joules,power/energy-pkg/,1001252923,100.0,,
2023-07-24 15:34:02.076396,3.58,Joules,power/energy-pkg/,1001407952,100.0,,
2023-07-24 15:34:03.077721,5.69,Joules,power/energy-pkg/,1001309543,100.0,,
2023-07-24 15:34:04.079092,4.22,Joules,power/energy-pkg/,1001366723,100.0,,
2023-07-24 15:34:05.080465,3.9,Joules,power/energy-pkg/,1001362262,100.0,,
2023-07-24 15:34:06.081868,3.77,Joules,power/energy-pkg/,1001388374,100.0,,
2023-07-24 15:34:07.083215,3.94,Joules,power/energy-pkg/,1001341364,100.0,,
2023-07-24 15:34:08.084653,3.74,Joules,power/energy-pkg/,1001429285,100.0,,
2023-07-24 15:34:09.086179,3.74,Joules,power/energy-pkg/,1001517460,100.0,,
2023-07-24 15:34:10.087617,3.86,Joules,power/energy-pkg/,1001426988,100.0,,
2023-07-24 15:34:11.089110,4.78,Joules,power/energy-pkg/,1001482308,100.0,,
2023-07-24 15:34:12.090569,3.51,Joules,power/energy-pkg/,1001449651,100.0,,
2023-07-24 15:34:13.092065,4.23,Joules,power/energy-pkg/,1001486182,100.0,,
2023-07-24 15:34:14.092613,5.46,Joules,power/energy-pkg/,1000555427,100.0,,
2023-07-24 15:34:15.093954,13.7,Joules,power/energy-pkg/,1001288591,100.0,,
2023-07-24 15:34:16.095098,36.33,Joules,power/energy-pkg/,1001136974,100.0,,
2023-07-24 15:34:17.096451,11.67,Joules,power/energy-pkg/,1001366402,100.0,,
2023-07-24 15:34:18.097811,23.44,Joules,power/energy-pkg/,1001330333,100.0,,
2023-07-24 15:34:19.099006,38.65,Joules,power/energy-pkg/,1001180941,100.0,,
2023-07-24 15:34:20.100143,21.13,Joules,power/energy-pkg/,1001126812,100.0,,
2023-07-24 15:34:21.101224,17.72,Joules,power/energy-pkg/,1001080097,100.0,,
2023-07-24 15:34:22.101848,31.72,Joules,power/energy-pkg/,1000614432,100.0,,
2023-07-24 15:34:23.103064,29.29,Joules,power/energy-pkg/,1001214728,100.0,,
2023-07-24 15:34:24.104380,14.96,Joules,power/energy-pkg/,1001307856,100.0,,
2023-07-24 15:34:25.105634,14.83,Joules,power/energy-pkg/,1001236770,100.0,,
2023-07-24 15:34:26.105836,45.34,Joules,power/energy-pkg/,1000177929,100.0,,
2023-07-24 15:34:27.106921,38.23,Joules,power/energy-pkg/,1001074924,100.0,,
2023-07-24 15:34:28.108098,43.66,Joules,power/energy-pkg/,1001178468,100.0,,
2023-07-24 15:34:29.109269,41.89,Joules,power/energy-pkg/,1001170507,100.0,,
2023-07-24 15:34:30.109767,25.28,Joules,power/energy-pkg/,1000481929,100.0,,
2023-07-24 15:34:31.110957,43.29,Joules,power/energy-pkg/,1001219846,100.0,,
2023-07-24 15:34:32.112170,44.51,Joules,power/energy-pkg/,1001161731,100.0,,
2023-07-24 15:34:33.113338,32.86,Joules,power/energy-pkg/,1001152789,100.0,,
2023-07-24 15:34:34.113855,44.32,Joules,power/energy-pkg/,1000501714,100.0,,
2023-07-24 15:34:35.114970,50.8,Joules,power/energy-pkg/,1001134715,100.0,,
2023-07-24 15:34:36.116180,43.01,Joules,power/energy-pkg/,1001197520,100.0,,
2023-07-24 15:34:37.117370,32.98,Joules,power/energy-pkg/,1001176009,100.0,,
2023-07-24 15:34:38.117836,49.98,Joules,power/energy-pkg/,1000459102,100.0,,
2023-07-24 15:34:39.118963,41.45,Joules,power/energy-pkg/,1001104964,100.0,,
2023-07-24 15:34:40.120149,42.48,Joules,power/energy-pkg/,1001163478,100.0,,
2023-07-24 15:34:41.121328,35.35,Joules,power/energy-pkg/,1001171166,100.0,,
2023-07-24 15:34:42.122452,26.07,Joules,power/energy-pkg/,1001116233,100.0,,
2023-07-24 15:34:43.123545,35.78,Joules,power/energy-pkg/,1001084311,100.0,,
2023-07-24 15:34:44.124740,33.72,Joules,power/energy-pkg/,1001223615,100.0,,
2023-07-24 15:34:45.125840,22.4,Joules,power/energy-pkg/,1001068480,100.0,,
2023-07-24 15:34:46.127006,45.02,Joules,power/energy-pkg/,1001185825,100.0,,
2023-07-24 15:34:47.128180,51.99,Joules,power/energy-pkg/,1001114450,100.0,,
2023-07-24 15:34:48.129306,41.09,Joules,power/energy-pkg/,1001124177,100.0,,
2023-07-24 15:34:49.129861,29.61,Joules,power/energy-pkg/,1000540687,100.0,,
2023-07-24 15:34:50.131053,16.86,Joules,power/energy-pkg/,1001210597,100.0,,
2023-07-24 15:34:51.132266,28.33,Joules,power/energy-pkg/,1001195257,100.0,,
2023-07-24 15:34:52.133477,37.57,Joules,power/energy-pkg/,1001199500,100.0,,
2023-07-24 15:34:53.134681,25.26,Joules,power/energy-pkg/,1001169731,100.0,,
2023-07-24 15:34:54.135847,30.31,Joules,power/energy-pkg/,1001161122,100.0,,
2023-07-24 15:34:55.137125,25.85,Joules,power/energy-pkg/,1001283532,100.0,,
2023-07-24 15:34:56.137843,18.63,Joules,power/energy-pkg/,1000714581,100.0,,
2023-07-24 15:34:57.139056,37.05,Joules,power/energy-pkg/,1001177171,100.0,,
2023-07-24 15:34:58.140199,29.88,Joules,power/energy-pkg/,1001133808,100.0,,
2023-07-24 15:34:59.141348,32.75,Joules,power/energy-pkg/,1001139840,100.0,,
2023-07-24 15:35:00.141879,25.09,Joules,power/energy-pkg/,1000541008,100.0,,
2023-07-24 15:35:01.143215,23.07,Joules,power/energy-pkg/,1001309770,100.0,,
2023-07-24 15:35:02.144372,36.59,Joules,power/energy-pkg/,1001150214,100.0,,
2023-07-24 15:35:03.145562,39.48,Joules,power/energy-pkg/,1001174764,100.0,,
2023-07-24 15:35:04.145768,44.37,Joules,power/energy-pkg/,1000191781,100.0,,
2023-07-24 15:35:05.146946,46.96,Joules,power/energy-pkg/,1001178004,100.0,,
2023-07-24 15:35:06.148111,35.6,Joules,power/energy-pkg/,1001236572,100.0,,
2023-07-24 15:35:07.149393,33.84,Joules,power/energy-pkg/,1001185226,100.0,,
2023-07-24 15:35:08.150712,15.77,Joules,power/energy-pkg/,1001331218,100.0,,
2023-07-24 15:35:09.151981,15.16,Joules,power/energy-pkg/,1001247365,100.0,,
2023-07-24 15:35:10.153173,46.28,Joules,power/energy-pkg/,1001175787,100.0,,
2023-07-24 15:35:11.154392,37.98,Joules,power/energy-pkg/,1001200160,100.0,,
2023-07-24 15:35:12.155457,42.87,Joules,power/energy-pkg/,1001056248,100.0,,
2023-07-24 15:35:13.156629,49.15,Joules,power/energy-pkg/,1001163649,100.0,,
2023-07-24 15:35:14.157780,17.01,Joules,power/energy-pkg/,1001143553,100.0,,
2023-07-24 15:35:15.158931,42.9,Joules,power/energy-pkg/,1001140719,100.0,,
2023-07-24 15:35:16.160236,31.78,Joules,power/energy-pkg/,1001315039,100.0,,
2023-07-24 15:35:17.161627,14.66,Joules,power/energy-pkg/,1001383575,100.0,,
2023-07-24 15:35:18.162977,17.99,Joules,power/energy-pkg/,1001321174,100.0,,
2023-07-24 15:35:19.163772,41.38,Joules,power/energy-pkg/,1000841716,100.0,,
2023-07-24 15:35:20.165042,45.4,Joules,power/energy-pkg/,1001198414,100.0,,
2023-07-24 15:35:21.166131,20.74,Joules,power/energy-pkg/,1001095187,100.0,,
2023-07-24 15:35:22.167491,4.11,Joules,power/energy-pkg/,1001359204,100.0,,
2023-07-24 15:35:23.168757,8.69,Joules,power/energy-pkg/,1001242924,100.0,,
2023-07-24 15:35:24.169860,18.23,Joules,power/energy-pkg/,1001079514,100.0,,
2023-07-24 15:35:25.171033,38.5,Joules,power/energy-pkg/,1001188433,100.0,,
2023-07-24 15:35:26.172300,32.27,Joules,power/energy-pkg/,1001254609,100.0,,
2023-07-24 15:35:27.173248,40.1,Joules,power/energy-pkg/,1000932110,100.0,,
2023-07-24 15:35:28.173850,30.11,Joules,power/energy-pkg/,1000574241,100.0,,
2023-07-24 15:35:29.174993,44.73,Joules,power/energy-pkg/,1001168838,100.0,,
2023-07-24 15:35:30.176208,50.64,Joules,power/energy-pkg/,1001203115,100.0,,
2023-07-24 15:35:31.177404,45.08,Joules,power/energy-pkg/,1001158049,100.0,,
2023-07-24 15:35:32.177769,28.07,Joules,power/energy-pkg/,1000371867,100.0,,
2023-07-24 15:35:33.179009,52.1,Joules,power/energy-pkg/,1001214361,100.0,,
2023-07-24 15:35:34.180115,51.15,Joules,power/energy-pkg/,1001106544,100.0,,
2023-07-24 15:35:35.180863,51.09,Joules,power/energy-pkg/,1000797337,100.0,,
2023-07-24 15:35:36.182079,14.76,Joules,power/energy-pkg/,1001221005,100.0,,
2023-07-24 15:35:37.183489,11.5,Joules,power/energy-pkg/,1001316173,100.0,,
2023-07-24 15:35:38.184589,40.67,Joules,power/energy-pkg/,1001095627,100.0,,
2023-07-24 15:35:39.185745,33.45,Joules,power/energy-pkg/,1001143849,100.0,,
2023-07-24 15:35:40.186894,34.37,Joules,power/energy-pkg/,1001132103,100.0,,
2023-07-24 15:35:41.188038,13.0,Joules,power/energy-pkg/,1001138782,100.0,,
2023-07-24 15:35:42.189232,49.9,Joules,power/energy-pkg/,1001185383,100.0,,
2023-07-24 15:35:43.189781,50.04,Joules,power/energy-pkg/,1000541589,100.0,,
2023-07-24 15:35:44.191059,23.91,Joules,power/energy-pkg/,1001284976,100.0,,
2023-07-24 15:35:45.192395,31.76,Joules,power/energy-pkg/,1001307607,100.0,,
2023-07-24 15:35:46.193538,61.46,Joules,power/energy-pkg/,1001219447,100.0,,
2023-07-24 15:35:47.194898,57.99,Joules,power/energy-pkg/,1001272693,100.0,,
2023-07-24 15:35:48.196147,44.66,Joules,power/energy-pkg/,1001287134,100.0,,
2023-07-24 15:35:49.197464,44.04,Joules,power/energy-pkg/,1001272452,100.0,,
2023-07-24 15:35:50.198661,39.23,Joules,power/energy-pkg/,1001159497,100.0,,
2023-07-24 15:35:51.199801,32.47,Joules,power/energy-pkg/,1001132907,100.0,,
2023-07-24 15:35:52.200972,37.4,Joules,power/energy-pkg/,1001192632,100.0,,
2023-07-24 15:35:53.201846,45.18,Joules,power/energy-pkg/,1000825398,100.0,,
2023-07-24 15:35:54.202990,35.5,Joules,power/energy-pkg/,1001142698,100.0,,
2023-07-24 15:35:55.204159,16.54,Joules,power/energy-pkg/,1001168082,100.0,,
2023-07-24 15:35:56.205384,33.62,Joules,power/energy-pkg/,1001218074,100.0,,
2023-07-24 15:35:57.205782,41.45,Joules,power/energy-pkg/,1000372633,100.0,,
2023-07-24 15:35:58.206880,52.77,Joules,power/energy-pkg/,1001087424,100.0,,
2023-07-24 15:35:59.208069,26.05,Joules,power/energy-pkg/,1001197379,100.0,,
2023-07-24 15:36:00.209316,32.07,Joules,power/energy-pkg/,1001227805,100.0,,
2023-07-24 15:36:01.210478,32.21,Joules,power/energy-pkg/,1001142902,100.0,,
2023-07-24 15:36:02.211659,39.02,Joules,power/energy-pkg/,1001176704,100.0,,
2023-07-24 15:36:03.212782,57.47,Joules,power/energy-pkg/,1001145549,100.0,,
2023-07-24 15:36:04.213784,68.57,Joules,power/energy-pkg/,1000984949,100.0,,
2023-07-24 15:36:05.214939,67.3,Joules,power/energy-pkg/,1001123854,100.0,,
2023-07-24 15:36:06.216110,72.36,Joules,power/energy-pkg/,1001172979,100.0,,
2023-07-24 15:36:07.217368,65.17,Joules,power/energy-pkg/,1001227807,100.0,,
2023-07-24 15:36:08.217859,41.36,Joules,power/energy-pkg/,1000481014,100.0,,
2023-07-24 15:36:09.218970,55.51,Joules,power/energy-pkg/,1001098575,100.0,,
2023-07-24 15:36:10.220130,53.08,Joules,power/energy-pkg/,1001151758,100.0,,
2023-07-24 15:36:11.221279,23.58,Joules,power/energy-pkg/,1001146123,100.0,,
2023-07-24 15:36:12.221857,40.4,Joules,power/energy-pkg/,1000569216,100.0,,
2023-07-24 15:36:13.223067,33.2,Joules,power/energy-pkg/,1001196052,100.0,,
2023-07-24 15:36:14.224210,36.3,Joules,power/energy-pkg/,1001132454,100.0,,
2023-07-24 15:36:15.225291,15.4,Joules,power/energy-pkg/,1001084276,100.0,,
2023-07-24 15:36:16.226645,15.72,Joules,power/energy-pkg/,1001398239,100.0,,
2023-07-24 15:36:17.227887,53.24,Joules,power/energy-pkg/,1001195342,100.0,,
2023-07-24 15:36:18.229088,45.3,Joules,power/energy-pkg/,1001162283,100.0,,
2023-07-24 15:36:19.229846,55.82,Joules,power/energy-pkg/,1000770874,100.0,,
2023-07-24 15:36:20.231071,54.59,Joules,power/energy-pkg/,1001210236,100.0,,
2023-07-24 15:36:21.232235,34.37,Joules,power/energy-pkg/,1001155405,100.0,,
2023-07-24 15:36:22.233423,45.15,Joules,power/energy-pkg/,1001157860,100.0,,
2023-07-24 15:36:23.233854,47.38,Joules,power/energy-pkg/,1000419012,100.0,,
2023-07-24 15:36:24.235014,41.37,Joules,power/energy-pkg/,1001149598,100.0,,
2023-07-24 15:36:25.236165,34.89,Joules,power/energy-pkg/,1001144631,100.0,,
2023-07-24 15:36:26.237329,38.06,Joules,power/energy-pkg/,1001154054,100.0,,
2023-07-24 15:36:27.238488,23.6,Joules,power/energy-pkg/,1001168475,100.0,,
2023-07-24 15:36:28.240025,15.22,Joules,power/energy-pkg/,1001530036,100.0,,
2023-07-24 15:36:29.241401,24.45,Joules,power/energy-pkg/,1001360077,100.0,,
2023-07-24 15:36:30.241856,27.22,Joules,power/energy-pkg/,1000442081,100.0,,
2023-07-24 15:36:31.243036,32.88,Joules,power/energy-pkg/,1001157232,100.0,,
2023-07-24 15:36:32.244210,30.55,Joules,power/energy-pkg/,1001160187,100.0,,
2023-07-24 15:36:33.245363,42.56,Joules,power/energy-pkg/,1001145773,100.0,,
2023-07-24 15:36:34.245846,32.92,Joules,power/energy-pkg/,1000467762,100.0,,
2023-07-24 15:36:35.246910,43.37,Joules,power/energy-pkg/,1001054424,100.0,,
2023-07-24 15:36:36.248160,28.09,Joules,power/energy-pkg/,1001268104,100.0,,
2023-07-24 15:36:37.249487,11.86,Joules,power/energy-pkg/,1001311754,100.0,,
2023-07-24 15:36:38.249769,48.29,Joules,power/energy-pkg/,1000256670,100.0,,
2023-07-24 15:36:39.250901,65.35,Joules,power/energy-pkg/,1001124879,100.0,,
2023-07-24 15:36:40.252095,51.69,Joules,power/energy-pkg/,1001218741,100.0,,
2023-07-24 15:36:41.253382,46.77,Joules,power/energy-pkg/,1001239192,100.0,,
2023-07-24 15:36:42.253868,35.85,Joules,power/energy-pkg/,1000520678,100.0,,
2023-07-24 15:36:43.255090,28.06,Joules,power/energy-pkg/,1001165205,100.0,,
2023-07-24 15:36:44.256244,50.67,Joules,power/energy-pkg/,1001155558,100.0,,
2023-07-24 15:36:45.257506,47.68,Joules,power/energy-pkg/,1001266111,100.0,,
2023-07-24 15:36:46.257856,47.41,Joules,power/energy-pkg/,1000321579,100.0,,
2023-07-24 15:36:47.259072,27.3,Joules,power/energy-pkg/,1001214964,100.0,,
2023-07-24 15:36:48.260346,13.74,Joules,power/energy-pkg/,1001249893,100.0,,
2023-07-24 15:36:49.261521,37.4,Joules,power/energy-pkg/,1001169278,100.0,,
2023-07-24 15:36:50.261840,37.57,Joules,power/energy-pkg/,1010804794,100.0,,
2023-07-24 15:36:51.273474,36.77,Joules,power/energy-pkg/,1001121686,100.0,,
2023-07-24 15:36:52.273867,29.33,Joules,power/energy-pkg/,1000422576,100.0,,
2023-07-24 15:36:53.275029,38.84,Joules,power/energy-pkg/,1001145510,100.0,,
2023-07-24 15:36:54.276230,38.66,Joules,power/energy-pkg/,1001171337,100.0,,
2023-07-24 15:36:55.277477,48.34,Joules,power/energy-pkg/,1001228817,100.0,,
2023-07-24 15:36:56.277769,40.57,Joules,power/energy-pkg/,1000278114,100.0,,
2023-07-24 15:36:57.278935,29.48,Joules,power/energy-pkg/,1001196405,100.0,,
2023-07-24 15:36:58.280330,22.3,Joules,power/energy-pkg/,1001370416,100.0,,
2023-07-24 15:36:59.281668,40.91,Joules,power/energy-pkg/,1001309423,100.0,,
2023-07-24 15:37:00.282759,38.36,Joules,power/energy-pkg/,1001085868,100.0,,
2023-07-24 15:37:01.283926,33.85,Joules,power/energy-pkg/,1001159803,100.0,,
2023-07-24 15:37:02.285164,34.86,Joules,power/energy-pkg/,1001218714,100.0,,
2023-07-24 15:37:03.285842,54.86,Joules,power/energy-pkg/,1000661988,100.0,,
2023-07-24 15:37:04.286927,40.15,Joules,power/energy-pkg/,1001089609,100.0,,
2023-07-24 15:37:05.288171,23.46,Joules,power/energy-pkg/,1001227087,100.0,,
2023-07-24 15:37:06.289354,25.11,Joules,power/energy-pkg/,1001174693,100.0,,
2023-07-24 15:37:07.289859,51.34,Joules,power/energy-pkg/,1000489551,100.0,,
2023-07-24 15:37:08.291044,51.48,Joules,power/energy-pkg/,1001175703,100.0,,
2023-07-24 15:37:09.292205,42.77,Joules,power/energy-pkg/,1001172561,100.0,,
2023-07-24 15:37:10.293398,47.93,Joules,power/energy-pkg/,1001183654,100.0,,
2023-07-24 15:37:11.293842,50.59,Joules,power/energy-pkg/,1000479312,100.0,,
2023-07-24 15:37:12.295150,50.98,Joules,power/energy-pkg/,1001230827,100.0,,
2023-07-24 15:37:13.296242,55.31,Joules,power/energy-pkg/,1001081410,100.0,,
2023-07-24 15:37:14.297461,49.6,Joules,power/energy-pkg/,1001243262,100.0,,
2023-07-24 15:37:15.298826,50.82,Joules,power/energy-pkg/,1001325653,100.0,,
2023-07-24 15:37:16.300257,32.61,Joules,power/energy-pkg/,1001440408,100.0,,
2023-07-24 15:37:17.301618,4.76,Joules,power/energy-pkg/,1001349082,100.0,,
2023-07-24 15:37:18.302917,32.07,Joules,power/energy-pkg/,1001317946,100.0,,
2023-07-24 15:37:19.304205,38.48,Joules,power/energy-pkg/,1001235514,100.0,,
2023-07-24 15:37:20.305383,18.28,Joules,power/energy-pkg/,1001173644,100.0,,
2023-07-24 15:37:21.305779,47.29,Joules,power/energy-pkg/,1000395898,100.0,,
2023-07-24 15:37:22.307051,53.59,Joules,power/energy-pkg/,1001300963,100.0,,
2023-07-24 15:37:23.308327,41.29,Joules,power/energy-pkg/,1001207201,100.0,,
2023-07-24 15:37:24.309492,32.5,Joules,power/energy-pkg/,1001153144,100.0,,
2023-07-24 15:37:25.309848,44.39,Joules,power/energy-pkg/,1000398075,100.0,,
2023-07-24 15:37:26.311146,56.49,Joules,power/energy-pkg/,1001244183,100.0,,
2023-07-24 15:37:27.312595,21.92,Joules,power/energy-pkg/,1001454119,100.0,,
2023-07-24 15:37:28.313866,40.54,Joules,power/energy-pkg/,1001281482,100.0,,
2023-07-24 15:37:29.315065,27.56,Joules,power/energy-pkg/,1001168336,100.0,,
2023-07-24 15:37:30.316206,37.55,Joules,power/energy-pkg/,1001106757,100.0,,
2023-07-24 15:37:31.317406,56.07,Joules,power/energy-pkg/,1001195607,100.0,,
2023-07-24 15:37:32.317852,42.0,Joules,power/energy-pkg/,1000448082,100.0,,
2023-07-24 15:37:33.319029,9.14,Joules,power/energy-pkg/,1001151027,100.0,,
2023-07-24 15:37:34.320182,40.86,Joules,power/energy-pkg/,1001190878,100.0,,
2023-07-24 15:37:35.321409,51.45,Joules,power/energy-pkg/,1001192446,100.0,,
2023-07-24 15:37:36.321859,20.41,Joules,power/energy-pkg/,1000417986,100.0,,
2023-07-24 15:37:37.323036,58.48,Joules,power/energy-pkg/,1001201395,100.0,,
2023-07-24 15:37:38.324198,57.59,Joules,power/energy-pkg/,1001116230,100.0,,
2023-07-24 15:37:39.325300,24.88,Joules,power/energy-pkg/,1001094174,100.0,,
2023-07-24 15:37:40.325854,40.47,Joules,power/energy-pkg/,1000565842,100.0,,
2023-07-24 15:37:41.327038,43.7,Joules,power/energy-pkg/,1001150267,100.0,,
2023-07-24 15:37:42.328285,27.27,Joules,power/energy-pkg/,1001262937,100.0,,
2023-07-24 15:37:43.329616,32.75,Joules,power/energy-pkg/,1001300054,100.0,,
2023-07-24 15:37:44.329808,51.4,Joules,power/energy-pkg/,1000182168,100.0,,
2023-07-24 15:37:45.331013,46.93,Joules,power/energy-pkg/,1001222709,100.0,,
2023-07-24 15:37:46.332237,49.72,Joules,power/energy-pkg/,1001233392,100.0,,
2023-07-24 15:37:47.333468,46.65,Joules,power/energy-pkg/,1001167367,100.0,,
2023-07-24 15:37:48.333774,55.63,Joules,power/energy-pkg/,1000301381,100.0,,
2023-07-24 15:37:49.334914,49.15,Joules,power/energy-pkg/,1001139221,100.0,,
2023-07-24 15:37:50.336097,34.2,Joules,power/energy-pkg/,1001180072,100.0,,
2023-07-24 15:37:51.337231,15.91,Joules,power/energy-pkg/,1001107210,100.0,,
2023-07-24 15:37:52.337849,39.14,Joules,power/energy-pkg/,1000636477,100.0,,
2023-07-24 15:37:53.338988,36.97,Joules,power/energy-pkg/,1001126700,100.0,,
2023-07-24 15:37:54.340237,43.01,Joules,power/energy-pkg/,1001370852,100.0,,
2023-07-24 15:37:55.341808,55.39,Joules,power/energy-pkg/,1001509687,100.0,,
2023-07-24 15:37:56.343099,60.41,Joules,power/energy-pkg/,1001238524,100.0,,
2023-07-24 15:37:57.344321,45.69,Joules,power/energy-pkg/,1001180796,100.0,,
2023-07-24 15:37:58.345416,50.7,Joules,power/energy-pkg/,1001088006,100.0,,
2023-07-24 15:37:59.345854,45.04,Joules,power/energy-pkg/,1000435230,100.0,,
2023-07-24 15:38:00.346962,46.17,Joules,power/energy-pkg/,1001120543,100.0,,
2023-07-24 15:38:01.348108,52.86,Joules,power/energy-pkg/,1001125351,100.0,,
2023-07-24 15:38:02.349213,27.79,Joules,power/energy-pkg/,1001103016,100.0,,
2023-07-24 15:38:03.349857,44.21,Joules,power/energy-pkg/,1000706591,100.0,,
2023-07-24 15:38:04.351177,40.31,Joules,power/energy-pkg/,1001269127,100.0,,
2023-07-24 15:38:05.352310,40.6,Joules,power/energy-pkg/,1001112594,100.0,,
2023-07-24 15:38:06.353514,28.24,Joules,power/energy-pkg/,1001231531,100.0,,
2023-07-24 15:38:07.353765,42.63,Joules,power/energy-pkg/,1000225647,100.0,,
2023-07-24 15:38:08.354970,52.12,Joules,power/energy-pkg/,1001192500,100.0,,
2023-07-24 15:38:09.356242,10.31,Joules,power/energy-pkg/,1001288197,100.0,,
2023-07-24 15:38:10.357567,8.76,Joules,power/energy-pkg/,1001298446,100.0,,
2023-07-24 15:38:11.358951,19.46,Joules,power/energy-pkg/,1001401522,100.0,,
2023-07-24 15:38:12.360282,4.02,Joules,power/energy-pkg/,1001307060,100.0,,
2023-07-24 15:38:13.361501,4.41,Joules,power/energy-pkg/,1001232248,100.0,,
2023-07-24 15:38:14.362166,28.15,Joules,power/energy-pkg/,1000693167,100.0,,
2023-07-24 15:38:15.363293,31.02,Joules,power/energy-pkg/,1001063686,100.0,,
2023-07-24 15:38:16.364428,34.88,Joules,power/energy-pkg/,1001136505,100.0,,
2023-07-24 15:38:17.365582,30.27,Joules,power/energy-pkg/,1001154690,100.0,,
2023-07-24 15:38:18.365776,15.88,Joules,power/energy-pkg/,1000195290,100.0,,
2023-07-24 15:38:19.366951,32.99,Joules,power/energy-pkg/,1001182176,100.0,,
2023-07-24 15:38:20.368146,37.49,Joules,power/energy-pkg/,1001172063,100.0,,
2023-07-24 15:38:21.369327,28.14,Joules,power/energy-pkg/,1001201643,100.0,,
2023-07-24 15:38:22.370546,24.43,Joules,power/energy-pkg/,1001209581,100.0,,
2023-07-24 15:38:23.371806,27.45,Joules,power/energy-pkg/,1001234228,100.0,,
2023-07-24 15:38:24.372977,47.77,Joules,power/energy-pkg/,1001203489,100.0,,
2023-07-24 15:38:25.373777,47.69,Joules,power/energy-pkg/,1000777006,100.0,,
2023-07-24 15:38:26.375029,58.39,Joules,power/energy-pkg/,1001239556,100.0,,
2023-07-24 15:38:27.376203,59.34,Joules,power/energy-pkg/,1001191140,100.0,,
2023-07-24 15:38:28.377535,61.01,Joules,power/energy-pkg/,1001337006,100.0,,
2023-07-24 15:38:29.377860,55.03,Joules,power/energy-pkg/,1000285968,100.0,,
2023-07-24 15:38:30.379022,49.0,Joules,power/energy-pkg/,1001174747,100.0,,
2023-07-24 15:38:31.380228,53.6,Joules,power/energy-pkg/,1001199009,100.0,,
2023-07-24 15:38:32.381525,45.91,Joules,power/energy-pkg/,1001271747,100.0,,
2023-07-24 15:38:33.382873,25.01,Joules,power/energy-pkg/,1001368545,100.0,,
2023-07-24 15:38:34.384205,24.93,Joules,power/energy-pkg/,1001304415,100.0,,
2023-07-24 15:38:35.385341,43.04,Joules,power/energy-pkg/,1001133054,100.0,,
2023-07-24 15:38:36.385853,43.65,Joules,power/energy-pkg/,1000504970,100.0,,
2023-07-24 15:38:37.387026,40.0,Joules,power/energy-pkg/,1001194748,100.0,,
2023-07-24 15:38:38.388210,68.46,Joules,power/energy-pkg/,1001167134,100.0,,
2023-07-24 15:38:39.389420,71.66,Joules,power/energy-pkg/,1001200783,100.0,,
2023-07-24 15:38:40.389767,59.64,Joules,power/energy-pkg/,1000332965,100.0,,
2023-07-24 15:38:41.390936,52.37,Joules,power/energy-pkg/,1001180225,100.0,,
2023-07-24 15:38:42.392163,41.86,Joules,power/energy-pkg/,1001214024,100.0,,
2023-07-24 15:38:43.393320,50.14,Joules,power/energy-pkg/,1001172695,100.0,,
2023-07-24 15:38:44.394510,42.54,Joules,power/energy-pkg/,1001158517,100.0,,
2023-07-24 15:38:45.395589,9.11,Joules,power/energy-pkg/,1011257818,100.0,,
2023-07-24 15:38:46.406865,44.77,Joules,power/energy-pkg/,1001097935,100.0,,
2023-07-24 15:38:47.408088,53.06,Joules,power/energy-pkg/,1001218944,100.0,,
2023-07-24 15:38:48.408803,51.3,Joules,power/energy-pkg/,1001093023,100.0,,
2023-07-24 15:38:49.409413,36.16,Joules,power/energy-pkg/,1000926590,100.0,,
2023-07-24 15:38:50.411328,40.02,Joules,power/energy-pkg/,1001219359,100.0,,
2023-07-24 15:38:51.412580,56.63,Joules,power/energy-pkg/,1001232955,100.0,,
2023-07-24 15:38:52.413798,46.26,Joules,power/energy-pkg/,1001237650,100.0,,
2023-07-24 15:38:53.414929,56.73,Joules,power/energy-pkg/,1001119888,100.0,,
2023-07-24 15:38:54.416223,54.19,Joules,power/energy-pkg/,1001268611,100.0,,
2023-07-24 15:38:55.417315,51.87,Joules,power/energy-pkg/,1001084706,100.0,,
2023-07-24 15:38:56.417918,47.07,Joules,power/energy-pkg/,1000620649,100.0,,
2023-07-24 15:38:57.419278,4.46,Joules,power/energy-pkg/,1001354414,100.0,,
2023-07-24 15:38:58.420630,4.26,Joules,power/energy-pkg/,1001348014,100.0,,
2023-07-24 15:38:59.421904,15.34,Joules,power/energy-pkg/,1001267871,100.0,,
2023-07-24 15:39:00.423200,4.9,Joules,power/energy-pkg/,1001318915,100.0,,
2023-07-24 15:39:01.424399,48.68,Joules,power/energy-pkg/,1001158964,100.0,,
2023-07-24 15:39:02.425572,53.55,Joules,power/energy-pkg/,1001175136,100.0,,
2023-07-24 15:39:03.426796,43.05,Joules,power/energy-pkg/,1001213616,100.0,,
2023-07-24 15:39:04.427972,30.02,Joules,power/energy-pkg/,1001161153,100.0,,
2023-07-24 15:39:05.429145,23.07,Joules,power/energy-pkg/,1001190991,100.0,,
2023-07-24 15:39:06.430521,15.49,Joules,power/energy-pkg/,1001367716,100.0,,
2023-07-24 15:39:07.431775,34.46,Joules,power/energy-pkg/,1001242481,100.0,,
2023-07-24 15:39:08.433014,34.46,Joules,power/energy-pkg/,1001225146,100.0,,
2023-07-24 15:39:09.434222,21.95,Joules,power/energy-pkg/,1001219601,100.0,,
2023-07-24 15:39:10.435459,41.31,Joules,power/energy-pkg/,1001211947,100.0,,
2023-07-24 15:39:11.436623,57.05,Joules,power/energy-pkg/,1001191604,100.0,,
2023-07-24 15:39:12.437845,23.83,Joules,power/energy-pkg/,1001182305,100.0,,
2023-07-24 15:39:13.438982,35.69,Joules,power/energy-pkg/,1001157324,100.0,,
2023-07-24 15:39:14.440091,49.21,Joules,power/energy-pkg/,1001081692,100.0,,
2023-07-24 15:39:15.441179,69.19,Joules,power/energy-pkg/,1001082722,100.0,,
2023-07-24 15:39:16.441861,57.76,Joules,power/energy-pkg/,1000718180,100.0,,
2023-07-24 15:39:17.443110,27.32,Joules,power/energy-pkg/,1001226239,100.0,,
2023-07-24 15:39:18.444435,24.19,Joules,power/energy-pkg/,1001300055,100.0,,
2023-07-24 15:39:19.445652,23.53,Joules,power/energy-pkg/,1001231385,100.0,,
2023-07-24 15:39:20.446914,19.11,Joules,power/energy-pkg/,1001240635,100.0,,
2023-07-24 15:39:21.448150,11.79,Joules,power/energy-pkg/,1001247225,100.0,,
2023-07-24 15:39:22.449458,28.03,Joules,power/energy-pkg/,1001295141,100.0,,
2023-07-24 15:39:23.449865,33.37,Joules,power/energy-pkg/,1000404336,100.0,,
2023-07-24 15:39:24.451035,44.95,Joules,power/energy-pkg/,1001154869,100.0,,
2023-07-24 15:39:25.452237,40.13,Joules,power/energy-pkg/,1001222640,100.0,,
2023-07-24 15:39:26.452999,27.84,Joules,power/energy-pkg/,1000809001,100.0,,
2023-07-24 15:39:27.453776,31.69,Joules,power/energy-pkg/,1000717042,100.0,,
2023-07-24 15:39:28.455013,40.78,Joules,power/energy-pkg/,1001211236,100.0,,
2023-07-24 15:39:29.456092,39.52,Joules,power/energy-pkg/,1001070153,100.0,,
2023-07-24 15:39:30.457210,46.29,Joules,power/energy-pkg/,1001127743,100.0,,
2023-07-24 15:39:31.457858,47.53,Joules,power/energy-pkg/,1000630313,100.0,,
2023-07-24 15:39:32.459004,39.39,Joules,power/energy-pkg/,1001139713,100.0,,
2023-07-24 15:39:33.460167,47.26,Joules,power/energy-pkg/,1001194546,100.0,,
2023-07-24 15:39:34.461420,63.02,Joules,power/energy-pkg/,1001224780,100.0,,
2023-07-24 15:39:35.461869,35.99,Joules,power/energy-pkg/,1000449626,100.0,,
2023-07-24 15:39:36.463097,17.22,Joules,power/energy-pkg/,1001210041,100.0,,
2023-07-24 15:39:37.464254,30.56,Joules,power/energy-pkg/,1001157024,100.0,,
2023-07-24 15:39:38.465431,58.12,Joules,power/energy-pkg/,1001178851,100.0,,
2023-07-24 15:39:39.466666,34.33,Joules,power/energy-pkg/,1001239448,100.0,,
2023-07-24 15:39:40.468005,21.66,Joules,power/energy-pkg/,1001335675,100.0,,
2023-07-24 15:39:41.469211,33.86,Joules,power/energy-pkg/,1001180706,100.0,,
2023-07-24 15:39:42.470388,30.98,Joules,power/energy-pkg/,1001166883,100.0,,
2023-07-24 15:39:43.471548,31.97,Joules,power/energy-pkg/,1001161252,100.0,,
2023-07-24 15:39:44.472763,7.74,Joules,power/energy-pkg/,1001223445,100.0,,
2023-07-24 15:39:45.473862,27.34,Joules,power/energy-pkg/,1001083141,100.0,,
2023-07-24 15:39:46.475078,15.19,Joules,power/energy-pkg/,1001211612,100.0,,
2023-07-24 15:39:47.476291,49.06,Joules,power/energy-pkg/,1001226621,100.0,,
2023-07-24 15:39:48.477473,34.02,Joules,power/energy-pkg/,1001150453,100.0,,
2023-07-24 15:39:49.477795,31.08,Joules,power/energy-pkg/,1000324731,100.0,,
2023-07-24 15:39:50.479012,38.24,Joules,power/energy-pkg/,1001206789,100.0,,
2023-07-24 15:39:51.481413,38.95,Joules,power/energy-pkg/,1002455657,100.0,,
2023-07-24 15:39:52.481800,61.42,Joules,power/energy-pkg/,1000397220,100.0,,
2023-07-24 15:39:53.483223,46.16,Joules,power/energy-pkg/,1001341897,100.0,,
2023-07-24 15:39:54.484376,24.03,Joules,power/energy-pkg/,1001148393,100.0,,
2023-07-24 15:39:55.485540,37.18,Joules,power/energy-pkg/,1001166823,100.0,,
2023-07-24 15:39:56.485798,44.96,Joules,power/energy-pkg/,1000262368,100.0,,
2023-07-24 15:39:57.486981,34.35,Joules,power/energy-pkg/,1001171438,100.0,,
2023-07-24 15:39:58.488098,39.67,Joules,power/energy-pkg/,1001108334,100.0,,
2023-07-24 15:39:59.489261,43.78,Joules,power/energy-pkg/,1001151204,100.0,,
2023-07-24 15:40:00.489806,40.54,Joules,power/energy-pkg/,1000556325,100.0,,
2023-07-24 15:40:01.491041,41.6,Joules,power/energy-pkg/,1001221511,100.0,,
2023-07-24 15:40:02.492190,39.02,Joules,power/energy-pkg/,1001137380,100.0,,
2023-07-24 15:40:03.493392,49.59,Joules,power/energy-pkg/,1001199836,100.0,,
2023-07-24 15:40:04.493862,53.75,Joules,power/energy-pkg/,1000482913,100.0,,
2023-07-24 15:40:05.495085,38.25,Joules,power/energy-pkg/,1001271679,100.0,,
2023-07-24 15:40:06.496347,50.81,Joules,power/energy-pkg/,1001180740,100.0,,
2023-07-24 15:40:07.497534,52.33,Joules,power/energy-pkg/,1001184007,100.0,,
2023-07-24 15:40:08.497855,40.84,Joules,power/energy-pkg/,1000333069,100.0,,
2023-07-24 15:40:09.499055,30.95,Joules,power/energy-pkg/,1001180409,100.0,,
2023-07-24 15:40:10.500161,49.88,Joules,power/energy-pkg/,1001094465,100.0,,
2023-07-24 15:40:11.501265,63.99,Joules,power/energy-pkg/,1001101075,100.0,,
2023-07-24 15:40:12.501792,50.17,Joules,power/energy-pkg/,1000524202,100.0,,
2023-07-24 15:40:13.502983,38.02,Joules,power/energy-pkg/,1001188181,100.0,,
2023-07-24 15:40:14.504152,36.52,Joules,power/energy-pkg/,1001203271,100.0,,
2023-07-24 15:40:15.505310,48.98,Joules,power/energy-pkg/,1001104657,100.0,,
2023-07-24 15:40:16.505778,41.71,Joules,power/energy-pkg/,1000492428,100.0,,
2023-07-24 15:40:17.506976,45.18,Joules,power/energy-pkg/,1001173026,100.0,,
2023-07-24 15:40:18.508210,26.06,Joules,power/energy-pkg/,1001223311,100.0,,
2023-07-24 15:40:19.509300,26.4,Joules,power/energy-pkg/,1001083136,100.0,,
2023-07-24 15:40:20.509781,45.26,Joules,power/energy-pkg/,1000476352,100.0,,
2023-07-24 15:40:21.510884,54.32,Joules,power/energy-pkg/,1001097247,100.0,,
2023-07-24 15:40:22.512063,47.07,Joules,power/energy-pkg/,1001174970,100.0,,
2023-07-24 15:40:23.513220,39.34,Joules,power/energy-pkg/,1001177924,100.0,,
2023-07-24 15:40:24.513855,59.64,Joules,power/energy-pkg/,1000609498,100.0,,
2023-07-24 15:40:25.515069,35.86,Joules,power/energy-pkg/,1001212024,100.0,,
2023-07-24 15:40:26.516275,39.37,Joules,power/energy-pkg/,1001199753,100.0,,
2023-07-24 15:40:27.517385,21.52,Joules,power/energy-pkg/,1001114151,100.0,,
2023-07-24 15:40:28.517846,31.52,Joules,power/energy-pkg/,1000438028,100.0,,
2023-07-24 15:40:29.519001,33.17,Joules,power/energy-pkg/,1001152480,100.0,,
2023-07-24 15:40:30.520149,33.36,Joules,power/energy-pkg/,1001142963,100.0,,
2023-07-24 15:40:31.521249,48.36,Joules,power/energy-pkg/,1001103661,100.0,,
2023-07-24 15:40:32.522491,38.25,Joules,power/energy-pkg/,1001227208,100.0,,
2023-07-24 15:40:33.523652,31.17,Joules,power/energy-pkg/,1001154592,100.0,,
2023-07-24 15:40:34.524827,31.04,Joules,power/energy-pkg/,1001178645,100.0,,
2023-07-24 15:40:35.525856,28.4,Joules,power/energy-pkg/,1001014572,100.0,,
2023-07-24 15:40:36.526967,45.9,Joules,power/energy-pkg/,1001107310,100.0,,
2023-07-24 15:40:37.528222,36.51,Joules,power/energy-pkg/,1001269718,100.0,,
2023-07-24 15:40:38.529548,16.54,Joules,power/energy-pkg/,1001311153,100.0,,
2023-07-24 15:40:39.529766,32.55,Joules,power/energy-pkg/,1000198732,100.0,,
2023-07-24 15:40:40.530929,34.41,Joules,power/energy-pkg/,1001182700,100.0,,
2023-07-24 15:40:41.532038,32.79,Joules,power/energy-pkg/,1001083323,100.0,,
2023-07-24 15:40:42.533234,20.38,Joules,power/energy-pkg/,1001191806,100.0,,
2023-07-24 15:40:43.533783,31.91,Joules,power/energy-pkg/,1000606726,100.0,,
2023-07-24 15:40:44.535159,62.87,Joules,power/energy-pkg/,1001323418,100.0,,
2023-07-24 15:40:45.536341,38.06,Joules,power/energy-pkg/,1001157507,100.0,,
2023-07-24 15:40:46.537498,22.67,Joules,power/energy-pkg/,1001173968,100.0,,
2023-07-24 15:40:47.537834,29.57,Joules,power/energy-pkg/,1000332284,100.0,,
2023-07-24 15:40:48.539019,48.69,Joules,power/energy-pkg/,1001156578,100.0,,
2023-07-24 15:40:49.540167,46.2,Joules,power/energy-pkg/,1001144148,100.0,,
2023-07-24 15:40:50.541240,47.57,Joules,power/energy-pkg/,1001064364,100.0,,
2023-07-24 15:40:51.541798,33.9,Joules,power/energy-pkg/,1000577809,100.0,,
2023-07-24 15:40:52.543022,39.95,Joules,power/energy-pkg/,1001194837,100.0,,
2023-07-24 15:40:53.544183,30.88,Joules,power/energy-pkg/,1001160278,100.0,,
2023-07-24 15:40:54.545364,26.03,Joules,power/energy-pkg/,1001203799,100.0,,
2023-07-24 15:40:55.545782,49.23,Joules,power/energy-pkg/,1000397370,100.0,,
2023-07-24 15:40:56.547006,42.21,Joules,power/energy-pkg/,1001204774,100.0,,
2023-07-24 15:40:57.548185,27.08,Joules,power/energy-pkg/,1001181870,100.0,,
2023-07-24 15:40:58.549431,24.44,Joules,power/energy-pkg/,1001237792,100.0,,
2023-07-24 15:40:59.549859,14.62,Joules,power/energy-pkg/,1000414186,100.0,,
2023-07-24 15:41:00.550942,7.54,Joules,power/energy-pkg/,1001078813,100.0,,
2023-07-24 15:41:01.552124,27.75,Joules,power/energy-pkg/,1001178021,100.0,,
2023-07-24 15:41:02.553255,26.44,Joules,power/energy-pkg/,1001145584,100.0,,
2023-07-24 15:41:03.553859,13.95,Joules,power/energy-pkg/,1000604411,100.0,,
2023-07-24 15:41:04.555099,23.07,Joules,power/energy-pkg/,1001224078,100.0,,
2023-07-24 15:41:05.556399,33.36,Joules,power/energy-pkg/,1001313445,100.0,,
2023-07-24 15:41:06.557624,38.0,Joules,power/energy-pkg/,1001212652,100.0,,
2023-07-24 15:41:07.557781,32.54,Joules,power/energy-pkg/,1000124472,100.0,,
2023-07-24 15:41:08.558866,27.82,Joules,power/energy-pkg/,1001072799,100.0,,
2023-07-24 15:41:09.559959,33.39,Joules,power/energy-pkg/,1001126879,100.0,,
2023-07-24 15:41:10.561179,39.36,Joules,power/energy-pkg/,1001213444,100.0,,
2023-07-24 15:41:11.561813,49.19,Joules,power/energy-pkg/,1000688732,100.0,,
2023-07-24 15:41:12.563303,47.76,Joules,power/energy-pkg/,1001388553,100.0,,
2023-07-24 15:41:13.564487,36.48,Joules,power/energy-pkg/,1001177959,100.0,,
2023-07-24 15:41:14.565650,31.85,Joules,power/energy-pkg/,1001156568,100.0,,
2023-07-24 15:41:15.566947,6.16,Joules,power/energy-pkg/,1001318106,100.0,,
2023-07-24 15:41:16.568357,3.97,Joules,power/energy-pkg/,1001404840,100.0,,
2023-07-24 15:41:17.569741,3.83,Joules,power/energy-pkg/,1001392564,100.0,,
2023-07-24 15:41:18.571116,4.09,Joules,power/energy-pkg/,1001352299,100.0,,
2023-07-24 15:41:19.572505,3.58,Joules,power/energy-pkg/,1001383495,100.0,,
2023-07-24 15:41:20.573881,3.55,Joules,power/energy-pkg/,1001371933,100.0,,
2023-07-24 15:41:21.575327,3.87,Joules,power/energy-pkg/,1001441530,100.0,,
2023-07-24 15:41:22.576821,3.46,Joules,power/energy-pkg/,1001487410,100.0,,
2023-07-24 15:41:23.577283,4.17,Joules,power/energy-pkg/,1000507564,100.0,,
2023-07-24 15:41:24.578728,3.97,Joules,power/energy-pkg/,1001386794,100.0,,
2023-07-24 15:41:25.580087,3.87,Joules,power/energy-pkg/,1001349332,100.0,,
2023-07-24 15:41:26.581507,4.22,Joules,power/energy-pkg/,1001421069,100.0,,
2023-07-24 15:41:27.582882,4.09,Joules,power/energy-pkg/,1001343713,100.0,,
2023-07-24 15:41:28.584071,6.5,Joules,power/energy-pkg/,1001208629,100.0,,
2023-07-24 15:41:29.585514,3.93,Joules,power/energy-pkg/,1001437842,100.0,,
2023-07-24 15:41:30.586882,3.71,Joules,power/energy-pkg/,1001361786,100.0,,
2023-07-24 15:41:31.588234,4.97,Joules,power/energy-pkg/,1001342012,100.0,,
2023-07-24 15:41:32.589588,3.76,Joules,power/energy-pkg/,1001347796,100.0,,
2023-07-24 15:41:33.591035,4.27,Joules,power/energy-pkg/,1001446294,100.0,,
2023-07-24 15:41:34.592398,4.01,Joules,power/energy-pkg/,1001353801,100.0,,
2023-07-24 15:41:35.593880,3.62,Joules,power/energy-pkg/,1001479425,100.0,,
2023-07-24 15:41:36.595438,4.02,Joules,power/energy-pkg/,1001552593,100.0,,
2023-07-24 15:41:37.596924,4.03,Joules,power/energy-pkg/,1001481702,100.0,,
2023-07-24 15:41:38.598281,3.92,Joules,power/energy-pkg/,1001346134,100.0,,
2023-07-24 15:41:39.599652,3.6,Joules,power/energy-pkg/,1001365380,100.0,,
2023-07-24 15:41:40.601126,3.87,Joules,power/energy-pkg/,1001472201,100.0,,
2023-07-24 15:41:41.602121,3.5,Joules,power/energy-pkg/,1001088952,100.0,,
2023-07-24 15:41:42.603578,3.89,Joules,power/energy-pkg/,1001348049,100.0,,
2023-07-24 15:41:43.604882,4.24,Joules,power/energy-pkg/,1001282190,100.0,,
2023-07-24 15:41:44.606204,3.98,Joules,power/energy-pkg/,1001336745,100.0,,
