,timestamp,target,perf_rapl,minutes
0,2023-08-28 19:30:05.481,cnn_image_classification-0-0.0.1,4.969186224263614,1170
1,2023-08-28 19:30:05.481,dd-0-0.0.1,1.1227929783446866,1170
2,2023-08-28 19:30:05.481,image_processing-0-0.0.1,6.322024274946781,1170
3,2023-08-28 19:30:05.481,pyaes-0-0.0.1,16.7389574020764,1170
4,2023-08-28 19:30:06.483,cnn_image_classification-0-0.0.1,13.442137172440953,1170
5,2023-08-28 19:30:06.483,dd-0-0.0.1,8.818793866755634,1170
6,2023-08-28 19:30:06.483,image_processing-0-0.0.1,11.905032892689363,1170
7,2023-08-28 19:30:06.483,pyaes-0-0.0.1,23.528436816506215,1170
8,2023-08-28 19:30:07.488,cnn_image_classification-0-0.0.1,9.51976380403115,1170
9,2023-08-28 19:30:07.488,dd-0-0.0.1,9.179737063819505,1170
10,2023-08-28 19:30:07.488,image_processing-0-0.0.1,26.313857658883748,1170
11,2023-08-28 19:30:07.488,pyaes-0-0.0.1,20.864542403673596,1170
12,2023-08-28 19:30:09.495,cnn_image_classification-0-0.0.1,6.935679757493919,1170
13,2023-08-28 19:30:09.495,dd-0-0.0.1,2.8929780300504486,1170
14,2023-08-28 19:30:09.495,image_processing-0-0.0.1,29.859019944357435,1170
15,2023-08-28 19:30:09.495,pyaes-0-0.0.1,45.95799698702562,1170
16,2023-08-28 19:30:10.498,cnn_image_classification-0-0.0.1,4.1591158661140275,1170
17,2023-08-28 19:30:10.498,dd-0-0.0.1,14.368996162158892,1170
18,2023-08-28 19:30:10.498,image_processing-0-0.0.1,29.36923727248165,1170
19,2023-08-28 19:30:10.498,pyaes-0-0.0.1,32.43473348948171,1170
20,2023-08-28 19:30:11.501,cnn_image_classification-0-0.0.1,22.186921680729913,1170
21,2023-08-28 19:30:11.501,dd-0-0.0.1,22.624263035762603,1170
22,2023-08-28 19:30:11.501,image_processing-0-0.0.1,8.311221100818134,1170
23,2023-08-28 19:30:11.501,pyaes-0-0.0.1,33.53190140839302,1170
24,2023-08-28 19:30:12.504,cnn_image_classification-0-0.0.1,33.92294358038834,1170
25,2023-08-28 19:30:12.504,dd-0-0.0.1,25.332405636621544,1170
26,2023-08-28 19:30:12.504,image_processing-0-0.0.1,12.271375269614994,1170
27,2023-08-28 19:30:12.504,pyaes-0-0.0.1,45.36211030703782,1170
28,2023-08-28 19:30:14.512,cnn_image_classification-0-0.0.1,20.624934227966346,1170
29,2023-08-28 19:30:14.512,dd-0-0.0.1,12.60093138975206,1170
30,2023-08-28 19:30:14.512,image_processing-0-0.0.1,14.294630086351136,1170
31,2023-08-28 19:30:14.512,pyaes-0-0.0.1,15.408764907172943,1170
32,2023-08-28 19:30:18.523,cnn_image_classification-0-0.0.1,24.068435963730693,1170
33,2023-08-28 19:30:18.523,dd-0-0.0.1,35.22364107051502,1170
34,2023-08-28 19:30:18.523,image_processing-0-0.0.1,3.9498711561519633,1170
35,2023-08-28 19:30:18.523,pyaes-0-0.0.1,9.306939192625169,1170
36,2023-08-28 19:30:19.526,cnn_image_classification-0-0.0.1,26.28210989701715,1170
37,2023-08-28 19:30:19.526,dd-0-0.0.1,12.847805436510132,1170
38,2023-08-28 19:30:19.526,image_processing-0-0.0.1,11.068514991012101,1170
39,2023-08-28 19:30:19.526,pyaes-0-0.0.1,16.329176456595174,1170
40,2023-08-28 19:30:20.529,cnn_image_classification-0-0.0.1,5.377482692074648,1170
41,2023-08-28 19:30:20.529,dd-0-0.0.1,8.976268736437142,1170
42,2023-08-28 19:30:20.529,image_processing-0-0.0.1,22.37782082210534,1170
43,2023-08-28 19:30:20.529,pyaes-0-0.0.1,17.727175307275825,1170
44,2023-08-28 19:30:21.532,cnn_image_classification-0-0.0.1,4.68193951003421,1170
45,2023-08-28 19:30:21.532,dd-0-0.0.1,11.40673887333969,1170
46,2023-08-28 19:30:21.532,image_processing-0-0.0.1,24.35613272132758,1170
47,2023-08-28 19:30:21.532,pyaes-0-0.0.1,1.0859329465857976,1170
48,2023-08-28 19:30:22.536,cnn_image_classification-0-0.0.1,14.351345310888107,1170
49,2023-08-28 19:30:22.536,dd-0-0.0.1,0.0017375495767903688,1170
50,2023-08-28 19:30:22.536,image_processing-0-0.0.1,53.40346958179232,1170
51,2023-08-28 19:30:22.536,pyaes-0-0.0.1,9.602667526133732,1170
52,2023-08-28 19:30:23.539,cnn_image_classification-0-0.0.1,27.757778376454183,1170
53,2023-08-28 19:30:23.539,dd-0-0.0.1,0.0016435057318809798,1170
54,2023-08-28 19:30:23.539,image_processing-0-0.0.1,55.489187588486814,1170
55,2023-08-28 19:30:23.539,pyaes-0-0.0.1,14.30788128445698,1170
56,2023-08-28 19:30:24.541,cnn_image_classification-0-0.0.1,36.86296112167192,1170
57,2023-08-28 19:30:24.541,dd-0-0.0.1,12.775932732479273,1170
58,2023-08-28 19:30:24.541,image_processing-0-0.0.1,41.52873570488554,1170
59,2023-08-28 19:30:24.541,pyaes-0-0.0.1,13.826764639084413,1170
60,2023-08-28 19:30:25.544,cnn_image_classification-0-0.0.1,31.214168689579637,1170
61,2023-08-28 19:30:25.544,dd-0-0.0.1,18.193448292177635,1170
62,2023-08-28 19:30:25.544,image_processing-0-0.0.1,41.78409993240241,1170
63,2023-08-28 19:30:25.544,pyaes-0-0.0.1,0.64685810677569,1170
64,2023-08-28 19:30:26.547,cnn_image_classification-0-0.0.1,27.84271350058509,1170
65,2023-08-28 19:30:26.547,dd-0-0.0.1,15.157121804656622,1170
66,2023-08-28 19:30:26.547,image_processing-0-0.0.1,40.74589659277186,1170
67,2023-08-28 19:30:26.547,pyaes-0-0.0.1,10.041734945063986,1170
68,2023-08-28 19:30:27.549,cnn_image_classification-0-0.0.1,28.5277610702734,1170
69,2023-08-28 19:30:27.549,dd-0-0.0.1,26.64945757071238,1170
70,2023-08-28 19:30:27.549,image_processing-0-0.0.1,29.706855794758695,1170
71,2023-08-28 19:30:27.549,pyaes-0-0.0.1,25.646522654907116,1170
72,2023-08-28 19:30:28.553,cnn_image_classification-0-0.0.1,11.030562800508966,1170
73,2023-08-28 19:30:28.553,dd-0-0.0.1,23.83793198695587,1170
74,2023-08-28 19:30:28.553,image_processing-0-0.0.1,34.84617837857564,1170
75,2023-08-28 19:30:28.553,pyaes-0-0.0.1,43.07624177485779,1170
76,2023-08-28 19:30:29.556,cnn_image_classification-0-0.0.1,2.4122022437925823,1170
77,2023-08-28 19:30:29.556,dd-0-0.0.1,1.3546332277445567,1170
78,2023-08-28 19:30:29.556,image_processing-0-0.0.1,44.93949598054704,1170
79,2023-08-28 19:30:29.556,pyaes-0-0.0.1,48.704468470069614,1170
80,2023-08-28 19:30:30.559,cnn_image_classification-0-0.0.1,0.0020009598848299308,1170
81,2023-08-28 19:30:30.559,dd-0-0.0.1,14.642399987859067,1170
82,2023-08-28 19:30:30.559,image_processing-0-0.0.1,25.36335831954952,1170
83,2023-08-28 19:30:30.559,pyaes-0-0.0.1,44.237606736363134,1170
84,2023-08-28 19:30:31.563,cnn_image_classification-0-0.0.1,4.384182139936541,1170
85,2023-08-28 19:30:31.563,dd-0-0.0.1,29.938047041123347,1170
86,2023-08-28 19:30:31.563,image_processing-0-0.0.1,7.497677745219106,1170
87,2023-08-28 19:30:31.563,pyaes-0-0.0.1,48.79200145866261,1170
88,2023-08-28 19:30:32.566,cnn_image_classification-0-0.0.1,19.243174020097047,1170
89,2023-08-28 19:30:32.566,dd-0-0.0.1,3.2420848975571777,1170
90,2023-08-28 19:30:32.566,image_processing-0-0.0.1,17.404568687820316,1170
91,2023-08-28 19:30:32.566,pyaes-0-0.0.1,62.80442563684251,1170
92,2023-08-28 19:30:33.570,cnn_image_classification-0-0.0.1,29.573467185301094,1170
93,2023-08-28 19:30:33.570,dd-0-0.0.1,0.00153618778596124,1170
94,2023-08-28 19:30:33.570,image_processing-0-0.0.1,31.552522817491116,1170
95,2023-08-28 19:30:33.570,pyaes-0-0.0.1,70.7283527227303,1170
96,2023-08-28 19:30:34.573,cnn_image_classification-0-0.0.1,32.40330452480656,1170
97,2023-08-28 19:30:34.573,dd-0-0.0.1,8.6475915589447,1170
98,2023-08-28 19:30:34.573,image_processing-0-0.0.1,33.23000566010286,1170
99,2023-08-28 19:30:34.573,pyaes-0-0.0.1,55.93805781133385,1170
100,2023-08-28 19:30:36.579,cnn_image_classification-0-0.0.1,17.154233344046325,1170
101,2023-08-28 19:30:36.579,dd-0-0.0.1,26.955298939660842,1170
102,2023-08-28 19:30:36.579,image_processing-0-0.0.1,3.390708948517882,1170
103,2023-08-28 19:30:36.579,pyaes-0-0.0.1,18.22524224539358,1170
104,2023-08-28 19:30:37.582,cnn_image_classification-0-0.0.1,23.639205397116314,1170
105,2023-08-28 19:30:37.582,dd-0-0.0.1,22.04653062938759,1170
106,2023-08-28 19:30:37.582,image_processing-0-0.0.1,-0.24063674890410852,1170
107,2023-08-28 19:30:37.582,pyaes-0-0.0.1,16.31891243887095,1170
108,2023-08-28 19:30:38.585,cnn_image_classification-0-0.0.1,17.359337907823992,1170
109,2023-08-28 19:30:38.585,dd-0-0.0.1,8.489608625304122,1170
110,2023-08-28 19:30:38.585,image_processing-0-0.0.1,17.592258387909002,1170
111,2023-08-28 19:30:38.585,pyaes-0-0.0.1,13.267389719779455,1170
112,2023-08-28 19:30:39.588,cnn_image_classification-0-0.0.1,8.511076389049038,1170
113,2023-08-28 19:30:39.588,dd-0-0.0.1,16.22887494203537,1170
114,2023-08-28 19:30:39.588,image_processing-0-0.0.1,13.425255043057462,1170
115,2023-08-28 19:30:39.588,pyaes-0-0.0.1,24.396267811680165,1170
116,2023-08-28 19:30:40.591,cnn_image_classification-0-0.0.1,16.103110575453382,1170
117,2023-08-28 19:30:40.591,dd-0-0.0.1,17.363165655998476,1170
118,2023-08-28 19:30:40.591,image_processing-0-0.0.1,17.25800069277175,1170
119,2023-08-28 19:30:40.591,pyaes-0-0.0.1,26.23057270306839,1170
120,2023-08-28 19:30:41.595,cnn_image_classification-0-0.0.1,8.403115051481233,1170
121,2023-08-28 19:30:41.595,dd-0-0.0.1,19.31027655064598,1170
122,2023-08-28 19:30:41.595,image_processing-0-0.0.1,24.44395558525089,1170
123,2023-08-28 19:30:41.595,pyaes-0-0.0.1,24.329576778169354,1170
124,2023-08-28 19:30:42.598,cnn_image_classification-0-0.0.1,8.288457544826876,1170
125,2023-08-28 19:30:42.598,dd-0-0.0.1,9.965114742952329,1170
126,2023-08-28 19:30:42.598,image_processing-0-0.0.1,17.192425591910016,1170
127,2023-08-28 19:30:42.598,pyaes-0-0.0.1,18.041212491475633,1170
128,2023-08-28 19:30:44.605,cnn_image_classification-0-0.0.1,18.56893922437287,1170
129,2023-08-28 19:30:44.605,dd-0-0.0.1,11.260921563802043,1170
130,2023-08-28 19:30:44.605,image_processing-0-0.0.1,35.2975485976579,1170
131,2023-08-28 19:30:44.605,pyaes-0-0.0.1,31.610508073674403,1170
132,2023-08-28 19:30:45.608,cnn_image_classification-0-0.0.1,21.3004976087868,1170
133,2023-08-28 19:30:45.608,dd-0-0.0.1,6.009199674672413,1170
134,2023-08-28 19:30:45.608,image_processing-0-0.0.1,56.26928383537374,1170
135,2023-08-28 19:30:45.608,pyaes-0-0.0.1,31.304631178216482,1170
136,2023-08-28 19:30:46.611,cnn_image_classification-0-0.0.1,14.377707694658696,1170
137,2023-08-28 19:30:46.611,dd-0-0.0.1,-0.0012806342617316144,1170
138,2023-08-28 19:30:46.611,image_processing-0-0.0.1,67.03596949954395,1170
139,2023-08-28 19:30:46.611,pyaes-0-0.0.1,23.58990022289014,1170
140,2023-08-28 19:30:48.619,cnn_image_classification-0-0.0.1,23.35697588429233,1170
141,2023-08-28 19:30:48.619,dd-0-0.0.1,7.249360838860152,1170
142,2023-08-28 19:30:48.619,image_processing-0-0.0.1,38.29752580977245,1170
143,2023-08-28 19:30:48.619,pyaes-0-0.0.1,15.501536127444673,1170
144,2023-08-28 19:30:49.623,cnn_image_classification-0-0.0.1,21.905255858580972,1170
145,2023-08-28 19:30:49.623,dd-0-0.0.1,8.437353121214816,1170
146,2023-08-28 19:30:49.623,image_processing-0-0.0.1,32.162064740099886,1170
147,2023-08-28 19:30:49.623,pyaes-0-0.0.1,15.445519475655674,1170
148,2023-08-28 19:30:51.629,cnn_image_classification-0-0.0.1,7.279349658741527,1170
149,2023-08-28 19:30:51.629,dd-0-0.0.1,21.027572968012525,1170
150,2023-08-28 19:30:51.629,image_processing-0-0.0.1,44.00682721279155,1170
151,2023-08-28 19:30:51.629,pyaes-0-0.0.1,9.366614731849419,1170
152,2023-08-28 19:30:53.636,cnn_image_classification-0-0.0.1,-0.0009581826045666212,1170
153,2023-08-28 19:30:53.636,dd-0-0.0.1,20.047361820645182,1170
154,2023-08-28 19:30:53.636,image_processing-0-0.0.1,29.824365182059626,1170
155,2023-08-28 19:30:53.636,pyaes-0-0.0.1,24.665986982176044,1170
156,2023-08-28 19:30:54.640,cnn_image_classification-0-0.0.1,-0.0009281185647419443,1170
157,2023-08-28 19:30:54.640,dd-0-0.0.1,24.65439780346516,1170
158,2023-08-28 19:30:54.640,image_processing-0-0.0.1,30.31442521920019,1170
159,2023-08-28 19:30:54.640,pyaes-0-0.0.1,31.60759325013751,1170
160,2023-08-28 19:30:55.644,cnn_image_classification-0-0.0.1,-0.0009521558674367898,1170
161,2023-08-28 19:30:55.644,dd-0-0.0.1,25.088741536865175,1170
162,2023-08-28 19:30:55.644,image_processing-0-0.0.1,30.665436215886608,1170
163,2023-08-28 19:30:55.644,pyaes-0-0.0.1,24.821790482301527,1170
164,2023-08-28 19:30:57.650,cnn_image_classification-0-0.0.1,-0.00042704947300437854,1170
165,2023-08-28 19:30:57.650,dd-0-0.0.1,15.260939998206753,1170
166,2023-08-28 19:30:57.650,image_processing-0-0.0.1,25.64341481746346,1170
167,2023-08-28 19:30:57.650,pyaes-0-0.0.1,41.46353175185303,1170
168,2023-08-28 19:30:59.657,cnn_image_classification-0-0.0.1,14.9730692207902,1170
169,2023-08-28 19:30:59.657,dd-0-0.0.1,15.219177469941497,1170
170,2023-08-28 19:30:59.657,image_processing-0-0.0.1,35.30760609308135,1170
171,2023-08-28 19:30:59.657,pyaes-0-0.0.1,20.959573493362633,1170
172,2023-08-28 19:31:00.660,cnn_image_classification-0-0.0.1,31.10839788860347,1171
173,2023-08-28 19:31:00.660,dd-0-0.0.1,7.599928488662893,1171
174,2023-08-28 19:31:00.660,image_processing-0-0.0.1,32.01604157965414,1171
175,2023-08-28 19:31:00.660,pyaes-0-0.0.1,11.13993286686743,1171
176,2023-08-28 19:31:01.663,cnn_image_classification-0-0.0.1,32.64730125537625,1171
177,2023-08-28 19:31:01.663,dd-0-0.0.1,-0.0005293706710257679,1171
178,2023-08-28 19:31:01.663,image_processing-0-0.0.1,37.395407210746725,1171
179,2023-08-28 19:31:01.663,pyaes-0-0.0.1,8.324555340662592,1171
180,2023-08-28 19:31:02.667,cnn_image_classification-0-0.0.1,24.30608082383238,1171
181,2023-08-28 19:31:02.667,dd-0-0.0.1,7.895606691804872,1171
182,2023-08-28 19:31:02.667,image_processing-0-0.0.1,29.049084550641286,1171
183,2023-08-28 19:31:02.667,pyaes-0-0.0.1,19.783756407896632,1171
184,2023-08-28 19:31:03.670,cnn_image_classification-0-0.0.1,0.003511040070378833,1171
185,2023-08-28 19:31:03.670,dd-0-0.0.1,23.36924329486061,1171
186,2023-08-28 19:31:03.670,image_processing-0-0.0.1,23.54160703132371,1171
187,2023-08-28 19:31:03.670,pyaes-0-0.0.1,31.873239472721558,1171
188,2023-08-28 19:31:04.674,cnn_image_classification-0-0.0.1,14.591995098266754,1171
189,2023-08-28 19:31:04.674,dd-0-0.0.1,28.93332620422984,1171
190,2023-08-28 19:31:04.674,image_processing-0-0.0.1,10.915476817236502,1171
191,2023-08-28 19:31:04.674,pyaes-0-0.0.1,40.143058262725035,1171
192,2023-08-28 19:31:05.677,cnn_image_classification-0-0.0.1,23.356999976689245,1171
193,2023-08-28 19:31:05.677,dd-0-0.0.1,15.077948048436527,1171
194,2023-08-28 19:31:05.677,image_processing-0-0.0.1,14.946862895685099,1171
195,2023-08-28 19:31:05.677,pyaes-0-0.0.1,34.526837361565114,1171
196,2023-08-28 19:31:06.680,cnn_image_classification-0-0.0.1,28.981744955910525,1171
197,2023-08-28 19:31:06.680,dd-0-0.0.1,7.034237710553385,1171
198,2023-08-28 19:31:06.680,image_processing-0-0.0.1,24.69638993015675,1171
199,2023-08-28 19:31:06.680,pyaes-0-0.0.1,43.37395525973116,1171
200,2023-08-28 19:31:07.681,cnn_image_classification-0-0.0.1,21.62171373617534,1171
201,2023-08-28 19:31:07.681,dd-0-0.0.1,7.021571432125635,1171
202,2023-08-28 19:31:07.681,image_processing-0-0.0.1,37.95357235005136,1171
203,2023-08-28 19:31:07.681,pyaes-0-0.0.1,46.8811212103173,1171
204,2023-08-28 19:31:09.686,cnn_image_classification-0-0.0.1,-0.00042823071446122454,1171
205,2023-08-28 19:31:09.686,dd-0-0.0.1,8.057169486181616,1171
206,2023-08-28 19:31:09.686,image_processing-0-0.0.1,26.482936911385494,1171
207,2023-08-28 19:31:09.686,pyaes-0-0.0.1,35.79624368438782,1171
208,2023-08-28 19:31:10.689,cnn_image_classification-0-0.0.1,-0.00043607305409760366,1171
209,2023-08-28 19:31:10.689,dd-0-0.0.1,7.337288463637507,1171
210,2023-08-28 19:31:10.689,image_processing-0-0.0.1,25.02940135334709,1171
211,2023-08-28 19:31:10.689,pyaes-0-0.0.1,43.39805314623933,1171
212,2023-08-28 19:31:11.695,cnn_image_classification-0-0.0.1,7.187198836682131,1171
213,2023-08-28 19:31:11.695,dd-0-0.0.1,14.662475079700634,1171
214,2023-08-28 19:31:11.695,image_processing-0-0.0.1,24.556658853740835,1171
215,2023-08-28 19:31:11.695,pyaes-0-0.0.1,43.264419675387984,1171
216,2023-08-28 19:31:14.705,cnn_image_classification-0-0.0.1,7.550607027918468,1171
217,2023-08-28 19:31:14.705,dd-0-0.0.1,6.977290911591945,1171
218,2023-08-28 19:31:14.705,image_processing-0-0.0.1,36.39400088109317,1171
219,2023-08-28 19:31:14.705,pyaes-0-0.0.1,18.07492793715516,1171
220,2023-08-28 19:31:16.711,cnn_image_classification-0-0.0.1,16.53879106914693,1171
221,2023-08-28 19:31:16.711,dd-0-0.0.1,16.41693508216054,1171
222,2023-08-28 19:31:16.711,image_processing-0-0.0.1,12.23296795036544,1171
223,2023-08-28 19:31:16.711,pyaes-0-0.0.1,22.106361982460275,1171
224,2023-08-28 19:31:17.714,cnn_image_classification-0-0.0.1,30.08770591304064,1171
225,2023-08-28 19:31:17.714,dd-0-0.0.1,22.544552280884865,1171
226,2023-08-28 19:31:17.714,image_processing-0-0.0.1,23.821849335344815,1171
227,2023-08-28 19:31:17.714,pyaes-0-0.0.1,26.66958441869244,1171
228,2023-08-28 19:31:18.718,cnn_image_classification-0-0.0.1,31.860940889268726,1171
229,2023-08-28 19:31:18.718,dd-0-0.0.1,15.602412425564431,1171
230,2023-08-28 19:31:18.718,image_processing-0-0.0.1,26.745919640022535,1171
231,2023-08-28 19:31:18.718,pyaes-0-0.0.1,21.57113102372209,1171
232,2023-08-28 19:31:19.721,cnn_image_classification-0-0.0.1,35.683262829475254,1171
233,2023-08-28 19:31:19.721,dd-0-0.0.1,21.00614119915082,1171
234,2023-08-28 19:31:19.721,image_processing-0-0.0.1,34.61501911362962,1171
235,2023-08-28 19:31:19.721,pyaes-0-0.0.1,27.423758734595893,1171
236,2023-08-28 19:31:20.724,cnn_image_classification-0-0.0.1,34.95237294777383,1171
237,2023-08-28 19:31:20.724,dd-0-0.0.1,20.99397459214394,1171
238,2023-08-28 19:31:20.724,image_processing-0-0.0.1,38.90245276719416,1171
239,2023-08-28 19:31:20.724,pyaes-0-0.0.1,33.7613460065969,1171
240,2023-08-28 19:31:21.727,cnn_image_classification-0-0.0.1,36.06277899648724,1171
241,2023-08-28 19:31:21.727,dd-0-0.0.1,14.171948828832559,1171
242,2023-08-28 19:31:21.727,image_processing-0-0.0.1,28.837560126710663,1171
243,2023-08-28 19:31:21.727,pyaes-0-0.0.1,44.42710388691323,1171
244,2023-08-28 19:31:23.733,cnn_image_classification-0-0.0.1,16.16791904966422,1171
245,2023-08-28 19:31:23.733,dd-0-0.0.1,8.065818588193219,1171
246,2023-08-28 19:31:23.733,image_processing-0-0.0.1,17.11660869247148,1171
247,2023-08-28 19:31:23.733,pyaes-0-0.0.1,37.23333663708166,1171
248,2023-08-28 19:31:24.736,cnn_image_classification-0-0.0.1,16.200508036612977,1171
249,2023-08-28 19:31:24.736,dd-0-0.0.1,8.292437595718807,1171
250,2023-08-28 19:31:24.736,image_processing-0-0.0.1,28.220158289718498,1171
251,2023-08-28 19:31:24.736,pyaes-0-0.0.1,29.119248120703247,1171
252,2023-08-28 19:31:27.749,cnn_image_classification-0-0.0.1,8.855729394906621,1171
253,2023-08-28 19:31:27.749,dd-0-0.0.1,10.015750626544836,1171
254,2023-08-28 19:31:27.749,image_processing-0-0.0.1,8.752690728958743,1171
255,2023-08-28 19:31:27.749,pyaes-0-0.0.1,35.47494666305114,1171
256,2023-08-28 19:31:28.752,cnn_image_classification-0-0.0.1,17.290517215063257,1171
257,2023-08-28 19:31:28.752,dd-0-0.0.1,0.040173953058756,1171
258,2023-08-28 19:31:28.752,image_processing-0-0.0.1,25.46248518806613,1171
259,2023-08-28 19:31:28.752,pyaes-0-0.0.1,42.94123658203491,1171
260,2023-08-28 19:31:29.755,cnn_image_classification-0-0.0.1,16.865571137530328,1171
261,2023-08-28 19:31:29.755,dd-0-0.0.1,7.405300611816334,1171
262,2023-08-28 19:31:29.755,image_processing-0-0.0.1,34.908463571747184,1171
263,2023-08-28 19:31:29.755,pyaes-0-0.0.1,52.032647146842976,1171
264,2023-08-28 19:31:30.758,cnn_image_classification-0-0.0.1,17.47600395328828,1171
265,2023-08-28 19:31:30.758,dd-0-0.0.1,16.053483985811493,1171
266,2023-08-28 19:31:30.758,image_processing-0-0.0.1,37.94247347913017,1171
267,2023-08-28 19:31:30.758,pyaes-0-0.0.1,30.614984904406796,1171
268,2023-08-28 19:31:31.761,cnn_image_classification-0-0.0.1,16.245049317528984,1171
269,2023-08-28 19:31:31.761,dd-0-0.0.1,8.768475083844608,1171
270,2023-08-28 19:31:31.761,image_processing-0-0.0.1,35.42212372068981,1171
271,2023-08-28 19:31:31.761,pyaes-0-0.0.1,36.32717246977347,1171
272,2023-08-28 19:31:32.764,cnn_image_classification-0-0.0.1,22.195652038297485,1171
273,2023-08-28 19:31:32.764,dd-0-0.0.1,28.64359582381987,1171
274,2023-08-28 19:31:32.764,image_processing-0-0.0.1,18.544456729033126,1171
275,2023-08-28 19:31:32.764,pyaes-0-0.0.1,58.5796815399834,1171
276,2023-08-28 19:31:33.768,cnn_image_classification-0-0.0.1,29.81073899749837,1171
277,2023-08-28 19:31:33.768,dd-0-0.0.1,36.81637593998645,1171
278,2023-08-28 19:31:33.768,image_processing-0-0.0.1,23.173966652549606,1171
279,2023-08-28 19:31:33.768,pyaes-0-0.0.1,45.93085621547407,1171
280,2023-08-28 19:31:35.775,cnn_image_classification-0-0.0.1,32.37262626846351,1171
281,2023-08-28 19:31:35.775,dd-0-0.0.1,40.29924761595811,1171
282,2023-08-28 19:31:35.775,image_processing-0-0.0.1,20.212895738094893,1171
283,2023-08-28 19:31:35.775,pyaes-0-0.0.1,10.161820996049322,1171
284,2023-08-28 19:31:37.781,cnn_image_classification-0-0.0.1,8.185781965703729,1171
285,2023-08-28 19:31:37.781,dd-0-0.0.1,8.677365803903356,1171
286,2023-08-28 19:31:37.781,image_processing-0-0.0.1,27.955804294755254,1171
287,2023-08-28 19:31:37.781,pyaes-0-0.0.1,31.211034662620477,1171
288,2023-08-28 19:31:38.785,cnn_image_classification-0-0.0.1,15.957696422098797,1171
289,2023-08-28 19:31:38.785,dd-0-0.0.1,22.676418902811452,1171
290,2023-08-28 19:31:38.785,image_processing-0-0.0.1,26.431210152128944,1171
291,2023-08-28 19:31:38.785,pyaes-0-0.0.1,38.32253774030383,1171
292,2023-08-28 19:31:39.789,cnn_image_classification-0-0.0.1,7.421059369880509,1171
293,2023-08-28 19:31:39.789,dd-0-0.0.1,23.901294103413587,1171
294,2023-08-28 19:31:39.789,image_processing-0-0.0.1,29.90256066859171,1171
295,2023-08-28 19:31:39.789,pyaes-0-0.0.1,29.89345780771635,1171
296,2023-08-28 19:31:41.795,cnn_image_classification-0-0.0.1,24.56823722565441,1171
297,2023-08-28 19:31:41.795,dd-0-0.0.1,16.287290983699556,1171
298,2023-08-28 19:31:41.795,image_processing-0-0.0.1,26.51758109511566,1171
299,2023-08-28 19:31:41.795,pyaes-0-0.0.1,18.30077795798526,1171
300,2023-08-28 19:31:42.798,cnn_image_classification-0-0.0.1,15.097508207712997,1171
301,2023-08-28 19:31:42.798,dd-0-0.0.1,23.020117541458088,1171
302,2023-08-28 19:31:42.798,image_processing-0-0.0.1,45.688490688299225,1171
303,2023-08-28 19:31:42.798,pyaes-0-0.0.1,20.36019357765476,1171
304,2023-08-28 19:31:46.810,cnn_image_classification-0-0.0.1,32.41263056422295,1171
305,2023-08-28 19:31:46.810,dd-0-0.0.1,32.113886736666466,1171
306,2023-08-28 19:31:46.810,image_processing-0-0.0.1,35.18970202115812,1171
307,2023-08-28 19:31:46.810,pyaes-0-0.0.1,16.034971165137208,1171
308,2023-08-28 19:31:47.813,cnn_image_classification-0-0.0.1,29.45223109128214,1171
309,2023-08-28 19:31:47.813,dd-0-0.0.1,29.43456616812669,1171
310,2023-08-28 19:31:47.813,image_processing-0-0.0.1,59.14816225125297,1171
311,2023-08-28 19:31:47.813,pyaes-0-0.0.1,26.878863703098865,1171
312,2023-08-28 19:31:48.819,cnn_image_classification-0-0.0.1,35.73616992654732,1171
313,2023-08-28 19:31:48.819,dd-0-0.0.1,28.744302921375603,1171
314,2023-08-28 19:31:48.819,image_processing-0-0.0.1,66.27063832886004,1171
315,2023-08-28 19:31:48.819,pyaes-0-0.0.1,28.037497404250473,1171
316,2023-08-28 19:31:51.829,cnn_image_classification-0-0.0.1,20.942925013336293,1171
317,2023-08-28 19:31:51.829,dd-0-0.0.1,14.794366803623697,1171
318,2023-08-28 19:31:51.829,image_processing-0-0.0.1,42.021532180892365,1171
319,2023-08-28 19:31:51.829,pyaes-0-0.0.1,19.86310740712291,1171
320,2023-08-28 19:31:52.832,cnn_image_classification-0-0.0.1,16.382127473665633,1171
321,2023-08-28 19:31:52.832,dd-0-0.0.1,7.730218456458671,1171
322,2023-08-28 19:31:52.832,image_processing-0-0.0.1,16.167132864607495,1171
323,2023-08-28 19:31:52.832,pyaes-0-0.0.1,24.949380820377456,1171
324,2023-08-28 19:31:53.835,cnn_image_classification-0-0.0.1,6.583896792498804,1171
325,2023-08-28 19:31:53.835,dd-0-0.0.1,32.10268865027261,1171
326,2023-08-28 19:31:53.835,image_processing-0-0.0.1,28.131208724317172,1171
327,2023-08-28 19:31:53.835,pyaes-0-0.0.1,13.722104383596472,1171
328,2023-08-28 19:31:55.841,cnn_image_classification-0-0.0.1,7.59291074674883,1171
329,2023-08-28 19:31:55.841,dd-0-0.0.1,16.331556122468236,1171
330,2023-08-28 19:31:55.841,image_processing-0-0.0.1,21.254246270080706,1171
331,2023-08-28 19:31:55.841,pyaes-0-0.0.1,31.516389654824277,1171
332,2023-08-28 19:31:56.844,cnn_image_classification-0-0.0.1,25.875216752773806,1171
333,2023-08-28 19:31:56.844,dd-0-0.0.1,7.958546152345365,1171
334,2023-08-28 19:31:56.844,image_processing-0-0.0.1,18.640461148362427,1171
335,2023-08-28 19:31:56.844,pyaes-0-0.0.1,32.1024005060401,1171
336,2023-08-28 19:31:57.847,cnn_image_classification-0-0.0.1,31.10169400668521,1171
337,2023-08-28 19:31:57.847,dd-0-0.0.1,8.698057932853542,1171
338,2023-08-28 19:31:57.847,image_processing-0-0.0.1,28.648010866087063,1171
339,2023-08-28 19:31:57.847,pyaes-0-0.0.1,19.959215269429055,1171
340,2023-08-28 19:31:58.850,cnn_image_classification-0-0.0.1,21.508323323172554,1171
341,2023-08-28 19:31:58.850,dd-0-0.0.1,16.059328458538282,1171
342,2023-08-28 19:31:58.850,image_processing-0-0.0.1,28.219170472987727,1171
343,2023-08-28 19:31:58.850,pyaes-0-0.0.1,28.063018451644833,1171
344,2023-08-28 19:31:59.854,cnn_image_classification-0-0.0.1,21.445860116537716,1171
345,2023-08-28 19:31:59.854,dd-0-0.0.1,15.308664650593418,1171
346,2023-08-28 19:31:59.854,image_processing-0-0.0.1,28.360080057696067,1171
347,2023-08-28 19:31:59.854,pyaes-0-0.0.1,38.98307388229956,1171
348,2023-08-28 19:32:00.856,cnn_image_classification-0-0.0.1,8.5104711120256,1172
349,2023-08-28 19:32:00.856,dd-0-0.0.1,15.13011891304918,1172
350,2023-08-28 19:32:00.856,image_processing-0-0.0.1,18.13573619546897,1172
351,2023-08-28 19:32:00.856,pyaes-0-0.0.1,42.77991766414125,1172
352,2023-08-28 19:32:02.863,cnn_image_classification-0-0.0.1,20.766137437893857,1172
353,2023-08-28 19:32:02.863,dd-0-0.0.1,18.23794421749554,1172
354,2023-08-28 19:32:02.863,image_processing-0-0.0.1,19.424763645922024,1172
355,2023-08-28 19:32:02.863,pyaes-0-0.0.1,14.141692947258992,1172
356,2023-08-28 19:32:03.869,cnn_image_classification-0-0.0.1,13.601118460981265,1172
357,2023-08-28 19:32:03.869,dd-0-0.0.1,20.34346105207535,1172
358,2023-08-28 19:32:03.869,image_processing-0-0.0.1,20.164501029416023,1172
359,2023-08-28 19:32:03.869,pyaes-0-0.0.1,11.828301631342363,1172
360,2023-08-28 19:32:04.874,cnn_image_classification-0-0.0.1,20.22609992705152,1172
361,2023-08-28 19:32:04.874,dd-0-0.0.1,15.505440146160556,1172
362,2023-08-28 19:32:04.874,image_processing-0-0.0.1,30.32896980429276,1172
363,2023-08-28 19:32:04.874,pyaes-0-0.0.1,21.663486766368422,1172
364,2023-08-28 19:32:05.878,cnn_image_classification-0-0.0.1,17.124311811731264,1172
365,2023-08-28 19:32:05.878,dd-0-0.0.1,8.588780620151958,1172
366,2023-08-28 19:32:05.878,image_processing-0-0.0.1,45.83089674428167,1172
367,2023-08-28 19:32:05.878,pyaes-0-0.0.1,5.6821401196687695,1172
368,2023-08-28 19:32:06.882,cnn_image_classification-0-0.0.1,38.6966553577448,1172
369,2023-08-28 19:32:06.882,dd-0-0.0.1,8.37591852645938,1172
370,2023-08-28 19:32:06.882,image_processing-0-0.0.1,41.987817550072585,1172
371,2023-08-28 19:32:06.882,pyaes-0-0.0.1,5.40205003737696,1172
372,2023-08-28 19:32:07.885,cnn_image_classification-0-0.0.1,30.96658929680062,1172
373,2023-08-28 19:32:07.885,dd-0-0.0.1,6.8143400514312145,1172
374,2023-08-28 19:32:07.885,image_processing-0-0.0.1,23.775514230858317,1172
375,2023-08-28 19:32:07.885,pyaes-0-0.0.1,16.05370655915312,1172
376,2023-08-28 19:32:08.889,cnn_image_classification-0-0.0.1,37.512590224562246,1172
377,2023-08-28 19:32:08.889,dd-0-0.0.1,8.660167293811867,1172
378,2023-08-28 19:32:08.889,image_processing-0-0.0.1,24.826065420027863,1172
379,2023-08-28 19:32:08.889,pyaes-0-0.0.1,5.654545486668859,1172
380,2023-08-28 19:32:09.892,cnn_image_classification-0-0.0.1,30.504022875834167,1172
381,2023-08-28 19:32:09.892,dd-0-0.0.1,22.932171998167764,1172
382,2023-08-28 19:32:09.892,image_processing-0-0.0.1,9.285210631416675,1172
383,2023-08-28 19:32:09.892,pyaes-0-0.0.1,28.625706193631036,1172
384,2023-08-28 19:32:10.896,cnn_image_classification-0-0.0.1,27.952761696688626,1172
385,2023-08-28 19:32:10.896,dd-0-0.0.1,22.296161670171255,1172
386,2023-08-28 19:32:10.896,image_processing-0-0.0.1,5.987939587403873,1172
387,2023-08-28 19:32:10.896,pyaes-0-0.0.1,17.52366061855855,1172
388,2023-08-28 19:32:11.899,cnn_image_classification-0-0.0.1,11.087487946028881,1172
389,2023-08-28 19:32:11.899,dd-0-0.0.1,64.00407520612019,1172
390,2023-08-28 19:32:11.899,image_processing-0-0.0.1,5.9325802266936485,1172
391,2023-08-28 19:32:11.899,pyaes-0-0.0.1,38.90274776909439,1172
392,2023-08-28 19:32:13.909,cnn_image_classification-0-0.0.1,-0.0003957117639846566,1172
393,2023-08-28 19:32:13.909,dd-0-0.0.1,32.932257220217316,1172
394,2023-08-28 19:32:13.909,image_processing-0-0.0.1,24.883092192898328,1172
395,2023-08-28 19:32:13.909,pyaes-0-0.0.1,34.40328416892244,1172
396,2023-08-28 19:32:15.914,cnn_image_classification-0-0.0.1,8.366891374438982,1172
397,2023-08-28 19:32:15.914,dd-0-0.0.1,-1.870617258372354e-05,1172
398,2023-08-28 19:32:15.914,image_processing-0-0.0.1,48.520190941960294,1172
399,2023-08-28 19:32:15.914,pyaes-0-0.0.1,32.36700094695622,1172
400,2023-08-28 19:32:17.921,cnn_image_classification-0-0.0.1,24.78743425614146,1172
401,2023-08-28 19:32:17.921,dd-0-0.0.1,8.232516272097318,1172
402,2023-08-28 19:32:17.921,image_processing-0-0.0.1,8.342896195547102,1172
403,2023-08-28 19:32:17.921,pyaes-0-0.0.1,36.97585497684814,1172
404,2023-08-28 19:32:18.925,cnn_image_classification-0-0.0.1,24.35033749041895,1172
405,2023-08-28 19:32:18.925,dd-0-0.0.1,16.190982471883196,1172
406,2023-08-28 19:32:18.925,image_processing-0-0.0.1,17.634043492862194,1172
407,2023-08-28 19:32:18.925,pyaes-0-0.0.1,27.70592432965794,1172
408,2023-08-28 19:32:21.936,cnn_image_classification-0-0.0.1,27.44456688942077,1172
409,2023-08-28 19:32:21.936,dd-0-0.0.1,9.650194813023344,1172
410,2023-08-28 19:32:21.936,image_processing-0-0.0.1,17.745799547189666,1172
411,2023-08-28 19:32:21.936,pyaes-0-0.0.1,8.888811373397749,1172
412,2023-08-28 19:32:22.940,cnn_image_classification-0-0.0.1,39.739032046211975,1172
413,2023-08-28 19:32:22.940,dd-0-0.0.1,14.942331859242566,1172
414,2023-08-28 19:32:22.940,image_processing-0-0.0.1,25.108326127131065,1172
415,2023-08-28 19:32:22.940,pyaes-0-0.0.1,33.070263680180624,1172
416,2023-08-28 19:32:23.944,cnn_image_classification-0-0.0.1,43.75555833449248,1172
417,2023-08-28 19:32:23.944,dd-0-0.0.1,28.73986949959865,1172
418,2023-08-28 19:32:23.944,image_processing-0-0.0.1,30.63890129998262,1172
419,2023-08-28 19:32:23.944,pyaes-0-0.0.1,48.3562873232299,1172
420,2023-08-28 19:32:28.958,cnn_image_classification-0-0.0.1,36.425662872395876,1172
421,2023-08-28 19:32:28.958,dd-0-0.0.1,18.279886242001982,1172
422,2023-08-28 19:32:28.958,image_processing-0-0.0.1,0.000685625902419028,1172
423,2023-08-28 19:32:28.958,pyaes-0-0.0.1,13.285849542737502,1172
424,2023-08-28 19:32:29.961,cnn_image_classification-0-0.0.1,34.99090905640077,1172
425,2023-08-28 19:32:29.961,dd-0-0.0.1,25.975653016585245,1172
426,2023-08-28 19:32:29.961,image_processing-0-0.0.1,16.065519054917523,1172
427,2023-08-28 19:32:29.961,pyaes-0-0.0.1,5.1526615539689224,1172
428,2023-08-28 19:32:30.964,cnn_image_classification-0-0.0.1,25.403562832874474,1172
429,2023-08-28 19:32:30.964,dd-0-0.0.1,33.93353615993634,1172
430,2023-08-28 19:32:30.964,image_processing-0-0.0.1,10.01141001856053,1172
431,2023-08-28 19:32:30.964,pyaes-0-0.0.1,18.94470790722407,1172
432,2023-08-28 19:32:33.975,cnn_image_classification-0-0.0.1,30.50758162941157,1172
433,2023-08-28 19:32:33.975,dd-0-0.0.1,19.462673820959704,1172
434,2023-08-28 19:32:33.975,image_processing-0-0.0.1,22.675491102431792,1172
435,2023-08-28 19:32:33.975,pyaes-0-0.0.1,7.248374767425507,1172
436,2023-08-28 19:32:34.978,cnn_image_classification-0-0.0.1,29.902795396575744,1172
437,2023-08-28 19:32:34.978,dd-0-0.0.1,18.057873576305646,1172
438,2023-08-28 19:32:34.978,image_processing-0-0.0.1,19.905940982409827,1172
439,2023-08-28 19:32:34.978,pyaes-0-0.0.1,17.013287654634997,1172
440,2023-08-28 19:32:35.981,cnn_image_classification-0-0.0.1,30.839064777135533,1172
441,2023-08-28 19:32:35.981,dd-0-0.0.1,6.999307250059436,1172
442,2023-08-28 19:32:35.981,image_processing-0-0.0.1,27.343324961869612,1172
443,2023-08-28 19:32:35.981,pyaes-0-0.0.1,19.664559752285925,1172
444,2023-08-28 19:32:36.984,cnn_image_classification-0-0.0.1,19.816821113155825,1172
445,2023-08-28 19:32:36.984,dd-0-0.0.1,14.583913130582928,1172
446,2023-08-28 19:32:36.984,image_processing-0-0.0.1,46.946324526782924,1172
447,2023-08-28 19:32:36.984,pyaes-0-0.0.1,30.65434416227374,1172
448,2023-08-28 19:32:37.987,cnn_image_classification-0-0.0.1,9.358444654758664,1172
449,2023-08-28 19:32:37.987,dd-0-0.0.1,33.209301603127294,1172
450,2023-08-28 19:32:37.987,image_processing-0-0.0.1,53.24866716886596,1172
451,2023-08-28 19:32:37.987,pyaes-0-0.0.1,42.637268264924046,1172
452,2023-08-28 19:32:38.990,cnn_image_classification-0-0.0.1,6.994317780050579,1172
453,2023-08-28 19:32:38.990,dd-0-0.0.1,29.858062453789188,1172
454,2023-08-28 19:32:38.990,image_processing-0-0.0.1,50.00136811003249,1172
455,2023-08-28 19:32:38.990,pyaes-0-0.0.1,54.09361314223378,1172
456,2023-08-28 19:32:39.994,cnn_image_classification-0-0.0.1,0.011121298870446333,1172
457,2023-08-28 19:32:39.994,dd-0-0.0.1,9.351925537352217,1172
458,2023-08-28 19:32:39.994,image_processing-0-0.0.1,31.94092538153011,1172
459,2023-08-28 19:32:39.994,pyaes-0-0.0.1,68.02069550376541,1172
460,2023-08-28 19:32:40.998,cnn_image_classification-0-0.0.1,10.48148747547308,1172
461,2023-08-28 19:32:40.998,dd-0-0.0.1,7.569117054239606,1172
462,2023-08-28 19:32:40.998,image_processing-0-0.0.1,16.125044642321267,1172
463,2023-08-28 19:32:40.998,pyaes-0-0.0.1,51.871781325527394,1172
464,2023-08-28 19:32:42.002,cnn_image_classification-0-0.0.1,34.29363488659611,1172
465,2023-08-28 19:32:42.002,dd-0-0.0.1,38.6376892767248,1172
466,2023-08-28 19:32:42.002,image_processing-0-0.0.1,16.726112459836074,1172
467,2023-08-28 19:32:42.002,pyaes-0-0.0.1,16.709553603825373,1172
468,2023-08-28 19:32:45.012,cnn_image_classification-0-0.0.1,67.51350818725545,1172
469,2023-08-28 19:32:45.012,dd-0-0.0.1,13.86878085299131,1172
470,2023-08-28 19:32:45.012,image_processing-0-0.0.1,20.558722674915266,1172
471,2023-08-28 19:32:45.012,pyaes-0-0.0.1,41.472505795454595,1172
472,2023-08-28 19:32:46.015,cnn_image_classification-0-0.0.1,41.90467853002019,1172
473,2023-08-28 19:32:46.015,dd-0-0.0.1,26.717388574262877,1172
474,2023-08-28 19:32:46.015,image_processing-0-0.0.1,27.192695912221556,1172
475,2023-08-28 19:32:46.015,pyaes-0-0.0.1,48.617138867161145,1172
476,2023-08-28 19:32:50.028,cnn_image_classification-0-0.0.1,30.250636009957944,1172
477,2023-08-28 19:32:50.028,dd-0-0.0.1,21.45418059237615,1172
478,2023-08-28 19:32:50.028,image_processing-0-0.0.1,7.988214738503848,1172
479,2023-08-28 19:32:50.028,pyaes-0-0.0.1,7.695261229654468,1172
480,2023-08-28 19:32:51.033,cnn_image_classification-0-0.0.1,20.832718009526317,1172
481,2023-08-28 19:32:51.033,dd-0-0.0.1,37.38806311046604,1172
482,2023-08-28 19:32:51.033,image_processing-0-0.0.1,7.348479542746286,1172
483,2023-08-28 19:32:51.033,pyaes-0-0.0.1,4.012782426081234,1172
484,2023-08-28 19:32:52.036,cnn_image_classification-0-0.0.1,21.56942671219272,1172
485,2023-08-28 19:32:52.036,dd-0-0.0.1,15.955482624573143,1172
486,2023-08-28 19:32:52.036,image_processing-0-0.0.1,11.117548933905795,1172
487,2023-08-28 19:32:52.036,pyaes-0-0.0.1,-0.41238727029881594,1172
488,2023-08-28 19:32:53.040,cnn_image_classification-0-0.0.1,29.113238671873233,1172
489,2023-08-28 19:32:53.040,dd-0-0.0.1,7.545511932110591,1172
490,2023-08-28 19:32:53.040,image_processing-0-0.0.1,0.0008604272934324636,1172
491,2023-08-28 19:32:53.040,pyaes-0-0.0.1,1.8353050282001868,1172
492,2023-08-28 19:32:55.047,cnn_image_classification-0-0.0.1,18.96905829829328,1172
493,2023-08-28 19:32:55.047,dd-0-0.0.1,32.57834942030849,1172
494,2023-08-28 19:32:55.047,image_processing-0-0.0.1,20.13263744528741,1172
495,2023-08-28 19:32:55.047,pyaes-0-0.0.1,18.94235692023131,1172
496,2023-08-28 19:32:57.055,cnn_image_classification-0-0.0.1,30.465783874281257,1172
497,2023-08-28 19:32:57.055,dd-0-0.0.1,0.00156590847341184,1172
498,2023-08-28 19:32:57.055,image_processing-0-0.0.1,27.23024972987821,1172
499,2023-08-28 19:32:57.055,pyaes-0-0.0.1,16.40876651197999,1172
500,2023-08-28 19:32:58.058,cnn_image_classification-0-0.0.1,37.10380050546873,1172
501,2023-08-28 19:32:58.058,dd-0-0.0.1,0.0014555920949826306,1172
502,2023-08-28 19:32:58.058,image_processing-0-0.0.1,39.71326601708863,1172
503,2023-08-28 19:32:58.058,pyaes-0-0.0.1,22.41319244306231,1172
504,2023-08-28 19:32:59.062,cnn_image_classification-0-0.0.1,39.286781357595075,1172
505,2023-08-28 19:32:59.062,dd-0-0.0.1,17.751432109061284,1172
506,2023-08-28 19:32:59.062,image_processing-0-0.0.1,42.034935550701505,1172
507,2023-08-28 19:32:59.062,pyaes-0-0.0.1,28.342921260064823,1172
508,2023-08-28 19:33:01.070,cnn_image_classification-0-0.0.1,18.100779535405557,1173
509,2023-08-28 19:33:01.070,dd-0-0.0.1,8.259018987453349,1173
510,2023-08-28 19:33:01.070,image_processing-0-0.0.1,16.393577377910276,1173
511,2023-08-28 19:33:01.070,pyaes-0-0.0.1,50.47761043679595,1173
512,2023-08-28 19:33:02.074,cnn_image_classification-0-0.0.1,7.7836811628065465,1173
513,2023-08-28 19:33:02.074,dd-0-0.0.1,9.723320221213635,1173
514,2023-08-28 19:33:02.074,image_processing-0-0.0.1,16.944215487434107,1173
515,2023-08-28 19:33:02.074,pyaes-0-0.0.1,45.76578198883548,1173
516,2023-08-28 19:33:03.077,cnn_image_classification-0-0.0.1,0.0022136689184515074,1173
517,2023-08-28 19:33:03.077,dd-0-0.0.1,33.88898778960888,1173
518,2023-08-28 19:33:03.077,image_processing-0-0.0.1,17.730728335498597,1173
519,2023-08-28 19:33:03.077,pyaes-0-0.0.1,41.61794141820127,1173
520,2023-08-28 19:33:04.081,cnn_image_classification-0-0.0.1,0.00738651833152709,1173
521,2023-08-28 19:33:04.081,dd-0-0.0.1,24.030279092395638,1173
522,2023-08-28 19:33:04.081,image_processing-0-0.0.1,32.56176995205114,1173
523,2023-08-28 19:33:04.081,pyaes-0-0.0.1,41.16437427842306,1173
524,2023-08-28 19:33:05.085,cnn_image_classification-0-0.0.1,10.583711615826486,1173
525,2023-08-28 19:33:05.085,dd-0-0.0.1,7.945091738539442,1173
526,2023-08-28 19:33:05.085,image_processing-0-0.0.1,26.577225587968115,1173
527,2023-08-28 19:33:05.085,pyaes-0-0.0.1,37.52028180887246,1173
528,2023-08-28 19:33:07.092,cnn_image_classification-0-0.0.1,12.871590209714437,1173
529,2023-08-28 19:33:07.092,dd-0-0.0.1,0.0014161751061182077,1173
530,2023-08-28 19:33:07.092,image_processing-0-0.0.1,12.641940473829845,1173
531,2023-08-28 19:33:07.092,pyaes-0-0.0.1,23.120796598521075,1173
532,2023-08-28 19:33:08.096,cnn_image_classification-0-0.0.1,27.929331888483205,1173
533,2023-08-28 19:33:08.096,dd-0-0.0.1,8.1087163189815,1173
534,2023-08-28 19:33:08.096,image_processing-0-0.0.1,20.037872547321392,1173
535,2023-08-28 19:33:08.096,pyaes-0-0.0.1,11.55267076455759,1173
536,2023-08-28 19:33:09.100,cnn_image_classification-0-0.0.1,24.16444021971594,1173
537,2023-08-28 19:33:09.100,dd-0-0.0.1,11.268360749692445,1173
538,2023-08-28 19:33:09.100,image_processing-0-0.0.1,11.63936608699869,1173
539,2023-08-28 19:33:09.100,pyaes-0-0.0.1,18.470556727128127,1173
540,2023-08-28 19:33:10.103,cnn_image_classification-0-0.0.1,23.12683721260089,1173
541,2023-08-28 19:33:10.103,dd-0-0.0.1,14.933828941038954,1173
542,2023-08-28 19:33:10.103,image_processing-0-0.0.1,18.128021280009015,1173
543,2023-08-28 19:33:10.103,pyaes-0-0.0.1,19.09126109736286,1173
544,2023-08-28 19:33:11.107,cnn_image_classification-0-0.0.1,30.843152314173338,1173
545,2023-08-28 19:33:11.107,dd-0-0.0.1,10.365211454549115,1173
546,2023-08-28 19:33:11.107,image_processing-0-0.0.1,10.776604698736467,1173
547,2023-08-28 19:33:11.107,pyaes-0-0.0.1,31.34011440692759,1173
548,2023-08-28 19:33:12.111,cnn_image_classification-0-0.0.1,34.6127935346003,1173
549,2023-08-28 19:33:12.111,dd-0-0.0.1,6.455315769910017,1173
550,2023-08-28 19:33:12.111,image_processing-0-0.0.1,14.615524047069282,1173
551,2023-08-28 19:33:12.111,pyaes-0-0.0.1,37.71486787809226,1173
552,2023-08-28 19:33:13.114,cnn_image_classification-0-0.0.1,21.966667012413616,1173
553,2023-08-28 19:33:13.114,dd-0-0.0.1,0.001286453422879023,1173
554,2023-08-28 19:33:13.114,image_processing-0-0.0.1,18.02702852050272,1173
555,2023-08-28 19:33:13.114,pyaes-0-0.0.1,48.228061051443476,1173
556,2023-08-28 19:33:14.118,cnn_image_classification-0-0.0.1,28.02918149129775,1173
557,2023-08-28 19:33:14.118,dd-0-0.0.1,7.9523039821297195,1173
558,2023-08-28 19:33:14.118,image_processing-0-0.0.1,28.204003780978695,1173
559,2023-08-28 19:33:14.118,pyaes-0-0.0.1,31.08346386063792,1173
560,2023-08-28 19:33:16.125,cnn_image_classification-0-0.0.1,21.492048501209467,1173
561,2023-08-28 19:33:16.125,dd-0-0.0.1,11.430227091085378,1173
562,2023-08-28 19:33:16.125,image_processing-0-0.0.1,16.068526823908545,1173
563,2023-08-28 19:33:16.125,pyaes-0-0.0.1,23.78382932677598,1173
564,2023-08-28 19:33:17.129,cnn_image_classification-0-0.0.1,23.08170121404176,1173
565,2023-08-28 19:33:17.129,dd-0-0.0.1,12.216637587955075,1173
566,2023-08-28 19:33:17.129,image_processing-0-0.0.1,8.941579418084803,1173
567,2023-08-28 19:33:17.129,pyaes-0-0.0.1,24.203200671608684,1173
568,2023-08-28 19:33:18.132,cnn_image_classification-0-0.0.1,21.04096013542855,1173
569,2023-08-28 19:33:18.132,dd-0-0.0.1,16.835669039886948,1173
570,2023-08-28 19:33:18.132,image_processing-0-0.0.1,15.912592858959883,1173
571,2023-08-28 19:33:18.132,pyaes-0-0.0.1,43.604500805567056,1173
572,2023-08-28 19:33:19.135,cnn_image_classification-0-0.0.1,20.599154705600363,1173
573,2023-08-28 19:33:19.135,dd-0-0.0.1,9.271717342241095,1173
574,2023-08-28 19:33:19.135,image_processing-0-0.0.1,15.290122777424347,1173
575,2023-08-28 19:33:19.135,pyaes-0-0.0.1,38.15950233543374,1173
576,2023-08-28 19:33:20.138,cnn_image_classification-0-0.0.1,21.78933172417956,1173
577,2023-08-28 19:33:20.138,dd-0-0.0.1,8.58366466186353,1173
578,2023-08-28 19:33:20.138,image_processing-0-0.0.1,31.915199720006314,1173
579,2023-08-28 19:33:20.138,pyaes-0-0.0.1,36.227642459340906,1173
580,2023-08-28 19:33:21.141,cnn_image_classification-0-0.0.1,26.32857598365463,1173
581,2023-08-28 19:33:21.141,dd-0-0.0.1,19.426201568544847,1173
582,2023-08-28 19:33:21.141,image_processing-0-0.0.1,21.954153223438713,1173
583,2023-08-28 19:33:21.141,pyaes-0-0.0.1,29.13134096048112,1173
584,2023-08-28 19:33:22.144,cnn_image_classification-0-0.0.1,29.068570597393006,1173
585,2023-08-28 19:33:22.144,dd-0-0.0.1,17.319724257746735,1173
586,2023-08-28 19:33:22.144,image_processing-0-0.0.1,14.3966660159092,1173
587,2023-08-28 19:33:22.144,pyaes-0-0.0.1,36.28905444482062,1173
588,2023-08-28 19:33:23.148,cnn_image_classification-0-0.0.1,32.365617858168626,1173
589,2023-08-28 19:33:23.148,dd-0-0.0.1,19.29922302352234,1173
590,2023-08-28 19:33:23.148,image_processing-0-0.0.1,0.0017763366151702553,1173
591,2023-08-28 19:33:23.148,pyaes-0-0.0.1,30.607598729688682,1173
592,2023-08-28 19:33:24.151,cnn_image_classification-0-0.0.1,26.067775108984023,1173
593,2023-08-28 19:33:24.151,dd-0-0.0.1,41.737686489384146,1173
594,2023-08-28 19:33:24.151,image_processing-0-0.0.1,22.807925283705487,1173
595,2023-08-28 19:33:24.151,pyaes-0-0.0.1,39.587426011308594,1173
596,2023-08-28 19:33:25.156,cnn_image_classification-0-0.0.1,18.99499692893199,1173
597,2023-08-28 19:33:25.156,dd-0-0.0.1,57.528813580308565,1173
598,2023-08-28 19:33:25.156,image_processing-0-0.0.1,27.552015637888935,1173
599,2023-08-28 19:33:25.156,pyaes-0-0.0.1,26.447261478216518,1173
600,2023-08-28 19:33:28.166,cnn_image_classification-0-0.0.1,20.660834287952703,1173
601,2023-08-28 19:33:28.166,dd-0-0.0.1,19.93770571162804,1173
602,2023-08-28 19:33:28.166,image_processing-0-0.0.1,14.21187489389685,1173
603,2023-08-28 19:33:28.166,pyaes-0-0.0.1,13.115174074867628,1173
604,2023-08-28 19:33:29.170,cnn_image_classification-0-0.0.1,19.867296509908048,1173
605,2023-08-28 19:33:29.170,dd-0-0.0.1,12.436042407415695,1173
606,2023-08-28 19:33:29.170,image_processing-0-0.0.1,41.205602964903925,1173
607,2023-08-28 19:33:29.170,pyaes-0-0.0.1,6.50278528285993,1173
608,2023-08-28 19:33:31.177,cnn_image_classification-0-0.0.1,0.0022645183827057626,1173
609,2023-08-28 19:33:31.177,dd-0-0.0.1,0.03840849449191097,1173
610,2023-08-28 19:33:31.177,image_processing-0-0.0.1,85.01102678929854,1173
611,2023-08-28 19:33:31.177,pyaes-0-0.0.1,5.586561184626374,1173
612,2023-08-28 19:33:32.181,cnn_image_classification-0-0.0.1,0.0022614221371145896,1173
613,2023-08-28 19:33:32.181,dd-0-0.0.1,12.36139280226184,1173
614,2023-08-28 19:33:32.181,image_processing-0-0.0.1,67.62685751232667,1173
615,2023-08-28 19:33:32.181,pyaes-0-0.0.1,9.164506864860149,1173
616,2023-08-28 19:33:33.184,cnn_image_classification-0-0.0.1,6.272442984389065,1173
617,2023-08-28 19:33:33.184,dd-0-0.0.1,6.5320110325808445,1173
618,2023-08-28 19:33:33.184,image_processing-0-0.0.1,56.61599343241909,1173
619,2023-08-28 19:33:33.184,pyaes-0-0.0.1,13.513634926929296,1173
620,2023-08-28 19:33:34.188,cnn_image_classification-0-0.0.1,12.090146474472219,1173
621,2023-08-28 19:33:34.188,dd-0-0.0.1,10.185227798550198,1173
622,2023-08-28 19:33:34.188,image_processing-0-0.0.1,46.61095407396505,1173
623,2023-08-28 19:33:34.188,pyaes-0-0.0.1,25.283854920916024,1173
624,2023-08-28 19:33:35.192,cnn_image_classification-0-0.0.1,19.809928611534012,1173
625,2023-08-28 19:33:35.192,dd-0-0.0.1,28.567935055823312,1173
626,2023-08-28 19:33:35.192,image_processing-0-0.0.1,29.79868073111338,1173
627,2023-08-28 19:33:35.192,pyaes-0-0.0.1,18.345432841441646,1173
628,2023-08-28 19:33:36.196,cnn_image_classification-0-0.0.1,24.156786759843847,1173
629,2023-08-28 19:33:36.196,dd-0-0.0.1,29.41491066602558,1173
630,2023-08-28 19:33:36.196,image_processing-0-0.0.1,24.621479888138687,1173
631,2023-08-28 19:33:36.196,pyaes-0-0.0.1,21.53788667683193,1173
632,2023-08-28 19:33:37.198,cnn_image_classification-0-0.0.1,24.149079796313615,1173
633,2023-08-28 19:33:37.198,dd-0-0.0.1,18.539493586028257,1173
634,2023-08-28 19:33:37.198,image_processing-0-0.0.1,24.252398935445473,1173
635,2023-08-28 19:33:37.198,pyaes-0-0.0.1,34.99968697886206,1173
636,2023-08-28 19:33:38.202,cnn_image_classification-0-0.0.1,17.510389062210415,1173
637,2023-08-28 19:33:38.202,dd-0-0.0.1,10.065883663096347,1173
638,2023-08-28 19:33:38.202,image_processing-0-0.0.1,37.02128655546172,1173
639,2023-08-28 19:33:38.202,pyaes-0-0.0.1,34.702623731499756,1173
640,2023-08-28 19:33:39.205,cnn_image_classification-0-0.0.1,12.013931686005895,1173
641,2023-08-28 19:33:39.205,dd-0-0.0.1,17.456713492196904,1173
642,2023-08-28 19:33:39.205,image_processing-0-0.0.1,40.718070052679394,1173
643,2023-08-28 19:33:39.205,pyaes-0-0.0.1,30.53981652535538,1173
644,2023-08-28 19:33:41.218,cnn_image_classification-0-0.0.1,12.78443035166797,1173
645,2023-08-28 19:33:41.218,dd-0-0.0.1,5.866773370114914,1173
646,2023-08-28 19:33:41.218,image_processing-0-0.0.1,20.13584158256795,1173
647,2023-08-28 19:33:41.218,pyaes-0-0.0.1,18.790819108825954,1173
648,2023-08-28 19:33:42.221,cnn_image_classification-0-0.0.1,21.66564325488909,1173
649,2023-08-28 19:33:42.221,dd-0-0.0.1,0.0024908794110206508,1173
650,2023-08-28 19:33:42.221,image_processing-0-0.0.1,6.104175430680474,1173
651,2023-08-28 19:33:42.221,pyaes-0-0.0.1,30.77736988764463,1173
652,2023-08-28 19:33:43.226,cnn_image_classification-0-0.0.1,24.237044340090065,1173
653,2023-08-28 19:33:43.226,dd-0-0.0.1,0.0025615703563080547,1173
654,2023-08-28 19:33:43.226,image_processing-0-0.0.1,5.788700461119989,1173
655,2023-08-28 19:33:43.226,pyaes-0-0.0.1,25.136676439819553,1173
656,2023-08-28 19:33:46.235,cnn_image_classification-0-0.0.1,30.394766423539792,1173
657,2023-08-28 19:33:46.235,dd-0-0.0.1,12.642300955999774,1173
658,2023-08-28 19:33:46.235,image_processing-0-0.0.1,37.421761271083334,1173
659,2023-08-28 19:33:46.235,pyaes-0-0.0.1,8.687263947253019,1173
660,2023-08-28 19:33:47.237,cnn_image_classification-0-0.0.1,23.15553249232895,1173
661,2023-08-28 19:33:47.237,dd-0-0.0.1,16.46712109372457,1173
662,2023-08-28 19:33:47.237,image_processing-0-0.0.1,41.72594800181206,1173
663,2023-08-28 19:33:47.237,pyaes-0-0.0.1,27.017058726086407,1173
664,2023-08-28 19:33:48.241,cnn_image_classification-0-0.0.1,21.9858929238339,1173
665,2023-08-28 19:33:48.241,dd-0-0.0.1,13.783589210097277,1173
666,2023-08-28 19:33:48.241,image_processing-0-0.0.1,32.211392476902574,1173
667,2023-08-28 19:33:48.241,pyaes-0-0.0.1,48.53915939927023,1173
668,2023-08-28 19:33:49.244,cnn_image_classification-0-0.0.1,21.292932656885476,1173
669,2023-08-28 19:33:49.244,dd-0-0.0.1,7.523064250186088,1173
670,2023-08-28 19:33:49.244,image_processing-0-0.0.1,35.23871924026068,1173
671,2023-08-28 19:33:49.244,pyaes-0-0.0.1,54.752730002235985,1173
672,2023-08-28 19:33:51.251,cnn_image_classification-0-0.0.1,6.12393889054217,1173
673,2023-08-28 19:33:51.251,dd-0-0.0.1,10.369739391645805,1173
674,2023-08-28 19:33:51.251,image_processing-0-0.0.1,28.226200974473194,1173
675,2023-08-28 19:33:51.251,pyaes-0-0.0.1,33.00292920037889,1173
676,2023-08-28 19:33:52.255,cnn_image_classification-0-0.0.1,14.23310220717612,1173
677,2023-08-28 19:33:52.255,dd-0-0.0.1,8.177520048054767,1173
678,2023-08-28 19:33:52.255,image_processing-0-0.0.1,33.77464976384125,1173
679,2023-08-28 19:33:52.255,pyaes-0-0.0.1,11.033762016623193,1173
680,2023-08-28 19:33:53.258,cnn_image_classification-0-0.0.1,36.40211931013144,1173
681,2023-08-28 19:33:53.258,dd-0-0.0.1,0.0024741388959920894,1173
682,2023-08-28 19:33:53.258,image_processing-0-0.0.1,40.903634965612,1173
683,2023-08-28 19:33:53.258,pyaes-0-0.0.1,8.499331108844892,1173
684,2023-08-28 19:33:54.262,cnn_image_classification-0-0.0.1,45.09984819277801,1173
685,2023-08-28 19:33:54.262,dd-0-0.0.1,0.0026388577471057615,1173
686,2023-08-28 19:33:54.262,image_processing-0-0.0.1,46.280211463060276,1173
687,2023-08-28 19:33:54.262,pyaes-0-0.0.1,4.240355371134036,1173
688,2023-08-28 19:33:56.270,cnn_image_classification-0-0.0.1,43.10395617010819,1173
689,2023-08-28 19:33:56.270,dd-0-0.0.1,18.97576585074588,1173
690,2023-08-28 19:33:56.270,image_processing-0-0.0.1,23.529807773833603,1173
691,2023-08-28 19:33:56.270,pyaes-0-0.0.1,0.004651575087742074,1173
692,2023-08-28 19:33:58.277,cnn_image_classification-0-0.0.1,32.714184543771715,1173
693,2023-08-28 19:33:58.277,dd-0-0.0.1,5.98587326270684,1173
694,2023-08-28 19:33:58.277,image_processing-0-0.0.1,12.520731603653896,1173
695,2023-08-28 19:33:58.277,pyaes-0-0.0.1,20.281567318440057,1173
696,2023-08-28 19:33:59.281,cnn_image_classification-0-0.0.1,35.18891552126166,1173
697,2023-08-28 19:33:59.281,dd-0-0.0.1,31.95855013824916,1173
698,2023-08-28 19:33:59.281,image_processing-0-0.0.1,8.726119952552654,1173
699,2023-08-28 19:33:59.281,pyaes-0-0.0.1,39.06008296847313,1173
700,2023-08-28 19:34:00.284,cnn_image_classification-0-0.0.1,37.11281874364652,1174
701,2023-08-28 19:34:00.284,dd-0-0.0.1,13.98953880627436,1174
702,2023-08-28 19:34:00.284,image_processing-0-0.0.1,10.3720689150007,1174
703,2023-08-28 19:34:00.284,pyaes-0-0.0.1,60.090260724494186,1174
704,2023-08-28 19:34:01.287,cnn_image_classification-0-0.0.1,45.32728441035252,1174
705,2023-08-28 19:34:01.287,dd-0-0.0.1,2.4085503630791276,1174
706,2023-08-28 19:34:01.287,image_processing-0-0.0.1,10.367260113539235,1174
707,2023-08-28 19:34:01.287,pyaes-0-0.0.1,53.37078190011373,1174
708,2023-08-28 19:34:02.290,cnn_image_classification-0-0.0.1,33.57014332663068,1174
709,2023-08-28 19:34:02.290,dd-0-0.0.1,30.87153071858681,1174
710,2023-08-28 19:34:02.290,image_processing-0-0.0.1,20.950022619418398,1174
711,2023-08-28 19:34:02.290,pyaes-0-0.0.1,40.16454932470945,1174
712,2023-08-28 19:34:05.301,cnn_image_classification-0-0.0.1,42.48140618568983,1174
713,2023-08-28 19:34:05.301,dd-0-0.0.1,15.462617652070438,1174
714,2023-08-28 19:34:05.301,image_processing-0-0.0.1,7.167942081726379,1174
715,2023-08-28 19:34:05.301,pyaes-0-0.0.1,5.613908853942445,1174
716,2023-08-28 19:34:06.304,cnn_image_classification-0-0.0.1,32.39542238877817,1174
717,2023-08-28 19:34:06.304,dd-0-0.0.1,13.613858871362915,1174
718,2023-08-28 19:34:06.304,image_processing-0-0.0.1,3.994059193625882,1174
719,2023-08-28 19:34:06.304,pyaes-0-0.0.1,20.628938418766953,1174
720,2023-08-28 19:34:07.307,cnn_image_classification-0-0.0.1,37.8954239042259,1174
721,2023-08-28 19:34:07.307,dd-0-0.0.1,5.7642415203539805,1174
722,2023-08-28 19:34:07.307,image_processing-0-0.0.1,0.4636030173495195,1174
723,2023-08-28 19:34:07.307,pyaes-0-0.0.1,28.544775303788498,1174
724,2023-08-28 19:34:08.311,cnn_image_classification-0-0.0.1,35.571034179690976,1174
725,2023-08-28 19:34:08.311,dd-0-0.0.1,9.337726680124767,1174
726,2023-08-28 19:34:08.311,image_processing-0-0.0.1,7.522184056479027,1174
727,2023-08-28 19:34:08.311,pyaes-0-0.0.1,29.423266887208086,1174
728,2023-08-28 19:34:09.315,cnn_image_classification-0-0.0.1,24.293037459185516,1174
729,2023-08-28 19:34:09.315,dd-0-0.0.1,10.200826824055671,1174
730,2023-08-28 19:34:09.315,image_processing-0-0.0.1,19.801238141358322,1174
731,2023-08-28 19:34:09.315,pyaes-0-0.0.1,30.18403163217338,1174
732,2023-08-28 19:34:10.318,cnn_image_classification-0-0.0.1,13.921709037840813,1174
733,2023-08-28 19:34:10.318,dd-0-0.0.1,6.590078501926337,1174
734,2023-08-28 19:34:10.318,image_processing-0-0.0.1,16.635350165306548,1174
735,2023-08-28 19:34:10.318,pyaes-0-0.0.1,42.355370585580395,1174
736,2023-08-28 19:34:11.322,cnn_image_classification-0-0.0.1,10.886076460564887,1174
737,2023-08-28 19:34:11.322,dd-0-0.0.1,10.4914553821331,1174
738,2023-08-28 19:34:11.322,image_processing-0-0.0.1,14.921499034682604,1174
739,2023-08-28 19:34:11.322,pyaes-0-0.0.1,38.97601832251446,1174
740,2023-08-28 19:34:12.326,cnn_image_classification-0-0.0.1,20.492837982253647,1174
741,2023-08-28 19:34:12.326,dd-0-0.0.1,3.8088838710496455,1174
742,2023-08-28 19:34:12.326,image_processing-0-0.0.1,22.488411575157542,1174
743,2023-08-28 19:34:12.326,pyaes-0-0.0.1,25.558083654108188,1174
744,2023-08-28 19:34:13.330,cnn_image_classification-0-0.0.1,17.634313447473843,1174
745,2023-08-28 19:34:13.330,dd-0-0.0.1,7.3391478130225485,1174
746,2023-08-28 19:34:13.330,image_processing-0-0.0.1,22.8802710426854,1174
747,2023-08-28 19:34:13.330,pyaes-0-0.0.1,14.363545979334067,1174
748,2023-08-28 19:34:14.333,cnn_image_classification-0-0.0.1,14.982895237329835,1174
749,2023-08-28 19:34:14.333,dd-0-0.0.1,9.418334075348854,1174
750,2023-08-28 19:34:14.333,image_processing-0-0.0.1,21.35668090538851,1174
751,2023-08-28 19:34:14.333,pyaes-0-0.0.1,22.043854918278683,1174
752,2023-08-28 19:34:15.336,cnn_image_classification-0-0.0.1,23.740895672543303,1174
753,2023-08-28 19:34:15.336,dd-0-0.0.1,24.140822242665866,1174
754,2023-08-28 19:34:15.336,image_processing-0-0.0.1,34.65973930414043,1174
755,2023-08-28 19:34:15.336,pyaes-0-0.0.1,28.53415421479986,1174
756,2023-08-28 19:34:16.339,cnn_image_classification-0-0.0.1,17.251612025958448,1174
757,2023-08-28 19:34:16.339,dd-0-0.0.1,19.05303343217689,1174
758,2023-08-28 19:34:16.339,image_processing-0-0.0.1,48.074009820522434,1174
759,2023-08-28 19:34:16.339,pyaes-0-0.0.1,31.871209125280167,1174
760,2023-08-28 19:34:17.343,cnn_image_classification-0-0.0.1,27.932992067214215,1174
761,2023-08-28 19:34:17.343,dd-0-0.0.1,9.087854269659317,1174
762,2023-08-28 19:34:17.343,image_processing-0-0.0.1,44.54127534143093,1174
763,2023-08-28 19:34:17.343,pyaes-0-0.0.1,25.487327021147564,1174
764,2023-08-28 19:34:18.346,cnn_image_classification-0-0.0.1,24.412599077183504,1174
765,2023-08-28 19:34:18.346,dd-0-0.0.1,9.045925705720265,1174
766,2023-08-28 19:34:18.346,image_processing-0-0.0.1,34.51993619683032,1174
767,2023-08-28 19:34:18.346,pyaes-0-0.0.1,24.014405607547687,1174
768,2023-08-28 19:34:19.349,cnn_image_classification-0-0.0.1,20.56057348426432,1174
769,2023-08-28 19:34:19.349,dd-0-0.0.1,14.27528228430917,1174
770,2023-08-28 19:34:19.349,image_processing-0-0.0.1,34.96846806759991,1174
771,2023-08-28 19:34:19.349,pyaes-0-0.0.1,17.308509428805735,1174
772,2023-08-28 19:34:20.352,cnn_image_classification-0-0.0.1,21.248779390063916,1174
773,2023-08-28 19:34:20.352,dd-0-0.0.1,17.86431817034423,1174
774,2023-08-28 19:34:20.352,image_processing-0-0.0.1,36.711625392428985,1174
775,2023-08-28 19:34:20.352,pyaes-0-0.0.1,13.788075638665621,1174
776,2023-08-28 19:34:22.359,cnn_image_classification-0-0.0.1,3.344939621379575,1174
777,2023-08-28 19:34:22.359,dd-0-0.0.1,19.5987596127745,1174
778,2023-08-28 19:34:22.359,image_processing-0-0.0.1,21.831499552160192,1174
779,2023-08-28 19:34:22.359,pyaes-0-0.0.1,37.86761351612047,1174
780,2023-08-28 19:34:23.363,cnn_image_classification-0-0.0.1,7.4558082866237445,1174
781,2023-08-28 19:34:23.363,dd-0-0.0.1,9.7932391891101,1174
782,2023-08-28 19:34:23.363,image_processing-0-0.0.1,37.98062343573214,1174
783,2023-08-28 19:34:23.363,pyaes-0-0.0.1,47.47416214037236,1174
784,2023-08-28 19:34:24.367,cnn_image_classification-0-0.0.1,10.472641102451128,1174
785,2023-08-28 19:34:24.367,dd-0-0.0.1,30.693555700936145,1174
786,2023-08-28 19:34:24.367,image_processing-0-0.0.1,40.212506633305146,1174
787,2023-08-28 19:34:24.367,pyaes-0-0.0.1,32.989056398590776,1174
788,2023-08-28 19:34:25.370,cnn_image_classification-0-0.0.1,11.912612883978392,1174
789,2023-08-28 19:34:25.370,dd-0-0.0.1,22.15796155796898,1174
790,2023-08-28 19:34:25.370,image_processing-0-0.0.1,51.68080295911284,1174
791,2023-08-28 19:34:25.370,pyaes-0-0.0.1,19.09838074330513,1174
792,2023-08-28 19:34:26.374,cnn_image_classification-0-0.0.1,12.12942540125249,1174
793,2023-08-28 19:34:26.374,dd-0-0.0.1,24.67321750217789,1174
794,2023-08-28 19:34:26.374,image_processing-0-0.0.1,40.322383597787535,1174
795,2023-08-28 19:34:26.374,pyaes-0-0.0.1,24.221443692248357,1174
796,2023-08-28 19:34:27.377,cnn_image_classification-0-0.0.1,24.39948957545232,1174
797,2023-08-28 19:34:27.377,dd-0-0.0.1,30.07896652436979,1174
798,2023-08-28 19:34:27.377,image_processing-0-0.0.1,40.61145077919873,1174
799,2023-08-28 19:34:27.377,pyaes-0-0.0.1,37.26787572525007,1174
800,2023-08-28 19:34:28.380,cnn_image_classification-0-0.0.1,50.86021586435159,1174
801,2023-08-28 19:34:28.380,dd-0-0.0.1,10.318265898741345,1174
802,2023-08-28 19:34:28.380,image_processing-0-0.0.1,28.902347922602267,1174
803,2023-08-28 19:34:28.380,pyaes-0-0.0.1,35.13599337922164,1174
804,2023-08-28 19:34:30.385,cnn_image_classification-0-0.0.1,48.47091084032974,1174
805,2023-08-28 19:34:30.385,dd-0-0.0.1,0.5360680417019967,1174
806,2023-08-28 19:34:30.385,image_processing-0-0.0.1,11.320440171436262,1174
807,2023-08-28 19:34:30.385,pyaes-0-0.0.1,25.167599952571024,1174
808,2023-08-28 19:34:31.389,cnn_image_classification-0-0.0.1,42.42229362801777,1174
809,2023-08-28 19:34:31.389,dd-0-0.0.1,10.562397059473835,1174
810,2023-08-28 19:34:31.389,image_processing-0-0.0.1,40.02729957247971,1174
811,2023-08-28 19:34:31.389,pyaes-0-0.0.1,36.02007177007207,1174
812,2023-08-28 19:34:32.392,cnn_image_classification-0-0.0.1,35.32149469099411,1174
813,2023-08-28 19:34:32.392,dd-0-0.0.1,2.055526655154888,1174
814,2023-08-28 19:34:32.392,image_processing-0-0.0.1,38.1656759895923,1174
815,2023-08-28 19:34:32.392,pyaes-0-0.0.1,44.13968379684782,1174
816,2023-08-28 19:34:33.395,cnn_image_classification-0-0.0.1,43.14076851888619,1174
817,2023-08-28 19:34:33.395,dd-0-0.0.1,1.5903559010858146,1174
818,2023-08-28 19:34:33.395,image_processing-0-0.0.1,22.720724761361538,1174
819,2023-08-28 19:34:33.395,pyaes-0-0.0.1,37.6128655708727,1174
820,2023-08-28 19:34:34.399,cnn_image_classification-0-0.0.1,40.662324329622145,1174
821,2023-08-28 19:34:34.399,dd-0-0.0.1,10.599253221245439,1174
822,2023-08-28 19:34:34.399,image_processing-0-0.0.1,28.241733734360768,1174
823,2023-08-28 19:34:34.399,pyaes-0-0.0.1,29.281373066603322,1174
824,2023-08-28 19:34:35.402,cnn_image_classification-0-0.0.1,41.746691302223866,1174
825,2023-08-28 19:34:35.402,dd-0-0.0.1,21.33758845351378,1174
826,2023-08-28 19:34:35.402,image_processing-0-0.0.1,24.930049471482675,1174
827,2023-08-28 19:34:35.402,pyaes-0-0.0.1,17.327537762554233,1174
828,2023-08-28 19:34:37.409,cnn_image_classification-0-0.0.1,51.7104528887878,1174
829,2023-08-28 19:34:37.409,dd-0-0.0.1,26.700243540586317,1174
830,2023-08-28 19:34:37.409,image_processing-0-0.0.1,11.650350442557361,1174
831,2023-08-28 19:34:37.409,pyaes-0-0.0.1,12.534467590097004,1174
832,2023-08-28 19:34:38.416,cnn_image_classification-0-0.0.1,41.14376151916142,1174
833,2023-08-28 19:34:38.416,dd-0-0.0.1,43.00345389987589,1174
834,2023-08-28 19:34:38.416,image_processing-0-0.0.1,22.481113549527482,1174
835,2023-08-28 19:34:38.416,pyaes-0-0.0.1,21.1819712592793,1174
836,2023-08-28 19:34:39.419,cnn_image_classification-0-0.0.1,43.96333358777649,1174
837,2023-08-28 19:34:39.419,dd-0-0.0.1,8.34436729871858,1174
838,2023-08-28 19:34:39.419,image_processing-0-0.0.1,40.414753594752696,1174
839,2023-08-28 19:34:39.419,pyaes-0-0.0.1,28.865707768085816,1174
840,2023-08-28 19:34:40.422,cnn_image_classification-0-0.0.1,54.06118681070478,1174
841,2023-08-28 19:34:40.422,dd-0-0.0.1,10.8835896121516,1174
842,2023-08-28 19:34:40.422,image_processing-0-0.0.1,35.55558152581388,1174
843,2023-08-28 19:34:40.422,pyaes-0-0.0.1,30.200781481230642,1174
844,2023-08-28 19:34:41.425,cnn_image_classification-0-0.0.1,46.88446537818372,1174
845,2023-08-28 19:34:41.425,dd-0-0.0.1,17.152348450050084,1174
846,2023-08-28 19:34:41.425,image_processing-0-0.0.1,30.365206913029226,1174
847,2023-08-28 19:34:41.425,pyaes-0-0.0.1,23.755474022045444,1174
848,2023-08-28 19:34:43.431,cnn_image_classification-0-0.0.1,28.622835864077853,1174
849,2023-08-28 19:34:43.431,dd-0-0.0.1,18.239785271109596,1174
850,2023-08-28 19:34:43.431,image_processing-0-0.0.1,24.786487967444362,1174
851,2023-08-28 19:34:43.431,pyaes-0-0.0.1,15.105112810482858,1174
852,2023-08-28 19:34:44.434,cnn_image_classification-0-0.0.1,33.061289447805194,1174
853,2023-08-28 19:34:44.434,dd-0-0.0.1,10.806132853284206,1174
854,2023-08-28 19:34:44.434,image_processing-0-0.0.1,32.345789282363036,1174
855,2023-08-28 19:34:44.434,pyaes-0-0.0.1,21.397318072593492,1174
856,2023-08-28 19:34:46.440,cnn_image_classification-0-0.0.1,44.01645688354247,1174
857,2023-08-28 19:34:46.440,dd-0-0.0.1,1.731833945088216,1174
858,2023-08-28 19:34:46.440,image_processing-0-0.0.1,0.6958778841344316,1174
859,2023-08-28 19:34:46.440,pyaes-0-0.0.1,41.18801882713248,1174
860,2023-08-28 19:34:47.444,cnn_image_classification-0-0.0.1,48.65282680159579,1174
861,2023-08-28 19:34:47.444,dd-0-0.0.1,16.328082553973736,1174
862,2023-08-28 19:34:47.444,image_processing-0-0.0.1,1.6733150545098074,1174
863,2023-08-28 19:34:47.444,pyaes-0-0.0.1,31.110850348101998,1174
864,2023-08-28 19:34:48.448,cnn_image_classification-0-0.0.1,28.997500044194258,1174
865,2023-08-28 19:34:48.448,dd-0-0.0.1,17.93401615435741,1174
866,2023-08-28 19:34:48.448,image_processing-0-0.0.1,9.6064263320924,1174
867,2023-08-28 19:34:48.448,pyaes-0-0.0.1,32.821953880387966,1174
868,2023-08-28 19:34:49.451,cnn_image_classification-0-0.0.1,23.864797039791092,1174
869,2023-08-28 19:34:49.451,dd-0-0.0.1,8.802008410373933,1174
870,2023-08-28 19:34:49.451,image_processing-0-0.0.1,24.663760962463734,1174
871,2023-08-28 19:34:49.451,pyaes-0-0.0.1,41.19924662172564,1174
872,2023-08-28 19:34:50.454,cnn_image_classification-0-0.0.1,27.25420931282846,1174
873,2023-08-28 19:34:50.454,dd-0-0.0.1,0.0029232639108102395,1174
874,2023-08-28 19:34:50.454,image_processing-0-0.0.1,34.85628272719358,1174
875,2023-08-28 19:34:50.454,pyaes-0-0.0.1,51.17349068086991,1174
876,2023-08-28 19:34:52.461,cnn_image_classification-0-0.0.1,26.062599865140715,1174
877,2023-08-28 19:34:52.461,dd-0-0.0.1,0.0024915224940457903,1174
878,2023-08-28 19:34:52.461,image_processing-0-0.0.1,15.527122308610632,1174
879,2023-08-28 19:34:52.461,pyaes-0-0.0.1,47.106941789401525,1174
880,2023-08-28 19:34:53.464,cnn_image_classification-0-0.0.1,26.776433041500475,1174
881,2023-08-28 19:34:53.464,dd-0-0.0.1,0.002650993781897811,1174
882,2023-08-28 19:34:53.464,image_processing-0-0.0.1,20.875502886616076,1174
883,2023-08-28 19:34:53.464,pyaes-0-0.0.1,18.574421187589785,1174
884,2023-08-28 19:34:54.468,cnn_image_classification-0-0.0.1,31.825981317291955,1174
885,2023-08-28 19:34:54.468,dd-0-0.0.1,2.0784634254908188,1174
886,2023-08-28 19:34:54.468,image_processing-0-0.0.1,12.248420019503316,1174
887,2023-08-28 19:34:54.468,pyaes-0-0.0.1,5.658221648777021,1174
888,2023-08-28 19:34:55.471,cnn_image_classification-0-0.0.1,35.51661844490468,1174
889,2023-08-28 19:34:55.471,dd-0-0.0.1,7.9606795174302905,1174
890,2023-08-28 19:34:55.471,image_processing-0-0.0.1,20.303511565173054,1174
891,2023-08-28 19:34:55.471,pyaes-0-0.0.1,6.046612274159536,1174
892,2023-08-28 19:34:56.475,cnn_image_classification-0-0.0.1,29.70002017970733,1174
893,2023-08-28 19:34:56.475,dd-0-0.0.1,9.679338593183063,1174
894,2023-08-28 19:34:56.475,image_processing-0-0.0.1,13.44341605643139,1174
895,2023-08-28 19:34:56.475,pyaes-0-0.0.1,32.52341627655455,1174
896,2023-08-28 19:34:57.479,cnn_image_classification-0-0.0.1,24.508600223771733,1174
897,2023-08-28 19:34:57.479,dd-0-0.0.1,11.688837140435446,1174
898,2023-08-28 19:34:57.479,image_processing-0-0.0.1,30.938687929559464,1174
899,2023-08-28 19:34:57.479,pyaes-0-0.0.1,32.10610187491298,1174
900,2023-08-28 19:34:58.482,cnn_image_classification-0-0.0.1,29.901960262967137,1174
901,2023-08-28 19:34:58.482,dd-0-0.0.1,6.484163111597765,1174
902,2023-08-28 19:34:58.482,image_processing-0-0.0.1,21.237043272682495,1174
903,2023-08-28 19:34:58.482,pyaes-0-0.0.1,30.227788904416183,1174
904,2023-08-28 19:34:59.486,cnn_image_classification-0-0.0.1,36.492298798917574,1174
905,2023-08-28 19:34:59.486,dd-0-0.0.1,10.09021215068298,1174
906,2023-08-28 19:34:59.486,image_processing-0-0.0.1,8.169796123509187,1174
907,2023-08-28 19:34:59.486,pyaes-0-0.0.1,37.30262257477462,1174
908,2023-08-28 19:35:00.489,cnn_image_classification-0-0.0.1,11.145069912885267,1175
909,2023-08-28 19:35:00.489,dd-0-0.0.1,0.0022195770022052875,1175
910,2023-08-28 19:35:00.489,image_processing-0-0.0.1,42.0681387932847,1175
911,2023-08-28 19:35:00.489,pyaes-0-0.0.1,62.014872169344855,1175
912,2023-08-28 19:35:01.493,cnn_image_classification-0-0.0.1,4.971705760234411,1175
913,2023-08-28 19:35:01.493,dd-0-0.0.1,0.0024961419882322824,1175
914,2023-08-28 19:35:01.493,image_processing-0-0.0.1,56.71062596667135,1175
915,2023-08-28 19:35:01.493,pyaes-0-0.0.1,65.64418499127449,1175
916,2023-08-28 19:35:04.504,cnn_image_classification-0-0.0.1,2.9947298759965735,1175
917,2023-08-28 19:35:04.504,dd-0-0.0.1,11.710884312526241,1175
918,2023-08-28 19:35:04.504,image_processing-0-0.0.1,0.003708324033384904,1175
919,2023-08-28 19:35:04.504,pyaes-0-0.0.1,33.733404488501264,1175
920,2023-08-28 19:35:05.508,cnn_image_classification-0-0.0.1,9.221814636647428,1175
921,2023-08-28 19:35:05.508,dd-0-0.0.1,22.991772445403495,1175
922,2023-08-28 19:35:05.508,image_processing-0-0.0.1,5.096210162997823,1175
923,2023-08-28 19:35:05.508,pyaes-0-0.0.1,31.245387108449794,1175
924,2023-08-28 19:35:06.511,cnn_image_classification-0-0.0.1,23.297321565777672,1175
925,2023-08-28 19:35:06.511,dd-0-0.0.1,0.002362470035807521,1175
926,2023-08-28 19:35:06.511,image_processing-0-0.0.1,16.965020247532237,1175
927,2023-08-28 19:35:06.511,pyaes-0-0.0.1,30.97967603148838,1175
928,2023-08-28 19:35:07.515,cnn_image_classification-0-0.0.1,39.493349412891185,1175
929,2023-08-28 19:35:07.515,dd-0-0.0.1,0.0025241577013594948,1175
930,2023-08-28 19:35:07.515,image_processing-0-0.0.1,17.90189048600464,1175
931,2023-08-28 19:35:07.515,pyaes-0-0.0.1,22.92253083972884,1175
932,2023-08-28 19:35:08.519,cnn_image_classification-0-0.0.1,47.242860280376156,1175
933,2023-08-28 19:35:08.519,dd-0-0.0.1,0.0024439712928335075,1175
934,2023-08-28 19:35:08.519,image_processing-0-0.0.1,21.997902381552418,1175
935,2023-08-28 19:35:08.519,pyaes-0-0.0.1,12.395335156765347,1175
936,2023-08-28 19:35:09.522,cnn_image_classification-0-0.0.1,55.988567386875104,1175
937,2023-08-28 19:35:09.522,dd-0-0.0.1,0.002431051516655628,1175
938,2023-08-28 19:35:09.522,image_processing-0-0.0.1,15.98386792262141,1175
939,2023-08-28 19:35:09.522,pyaes-0-0.0.1,12.154271755316513,1175
940,2023-08-28 19:35:10.526,cnn_image_classification-0-0.0.1,50.65443711319497,1175
941,2023-08-28 19:35:10.526,dd-0-0.0.1,0.0028115182440060036,1175
942,2023-08-28 19:35:10.526,image_processing-0-0.0.1,11.484793909143555,1175
943,2023-08-28 19:35:10.526,pyaes-0-0.0.1,29.593845734195906,1175
944,2023-08-28 19:35:11.530,cnn_image_classification-0-0.0.1,29.496441186950143,1175
945,2023-08-28 19:35:11.530,dd-0-0.0.1,0.0023937486695725435,1175
946,2023-08-28 19:35:11.530,image_processing-0-0.0.1,21.210773197316055,1175
947,2023-08-28 19:35:11.530,pyaes-0-0.0.1,38.289123419865945,1175
948,2023-08-28 19:35:12.534,cnn_image_classification-0-0.0.1,6.4105584557560995,1175
949,2023-08-28 19:35:12.534,dd-0-0.0.1,4.0170619364227305,1175
950,2023-08-28 19:35:12.534,image_processing-0-0.0.1,31.148742819895816,1175
951,2023-08-28 19:35:12.534,pyaes-0-0.0.1,30.10382688013308,1175
952,2023-08-28 19:35:14.541,cnn_image_classification-0-0.0.1,4.005442892030543,1175
953,2023-08-28 19:35:14.541,dd-0-0.0.1,10.828184705560822,1175
954,2023-08-28 19:35:14.541,image_processing-0-0.0.1,18.811417347843406,1175
955,2023-08-28 19:35:14.541,pyaes-0-0.0.1,15.529512665244738,1175
956,2023-08-28 19:35:15.545,cnn_image_classification-0-0.0.1,21.318478124634105,1175
957,2023-08-28 19:35:15.545,dd-0-0.0.1,28.476876376667935,1175
958,2023-08-28 19:35:15.545,image_processing-0-0.0.1,15.370081028276898,1175
959,2023-08-28 19:35:15.545,pyaes-0-0.0.1,20.49329763998673,1175
960,2023-08-28 19:35:16.548,cnn_image_classification-0-0.0.1,22.775601607669984,1175
961,2023-08-28 19:35:16.548,dd-0-0.0.1,22.738995360963177,1175
962,2023-08-28 19:35:16.548,image_processing-0-0.0.1,23.49313292683945,1175
963,2023-08-28 19:35:16.548,pyaes-0-0.0.1,24.603514498375695,1175
964,2023-08-28 19:35:17.552,cnn_image_classification-0-0.0.1,20.91449296622046,1175
965,2023-08-28 19:35:17.552,dd-0-0.0.1,28.948934775620682,1175
966,2023-08-28 19:35:17.552,image_processing-0-0.0.1,30.974665189249784,1175
967,2023-08-28 19:35:17.552,pyaes-0-0.0.1,36.74240139091318,1175
968,2023-08-28 19:35:18.556,cnn_image_classification-0-0.0.1,19.90511912494414,1175
969,2023-08-28 19:35:18.556,dd-0-0.0.1,38.42247824159554,1175
970,2023-08-28 19:35:18.556,image_processing-0-0.0.1,29.5588324162183,1175
971,2023-08-28 19:35:18.556,pyaes-0-0.0.1,34.32015330764324,1175
972,2023-08-28 19:35:19.559,cnn_image_classification-0-0.0.1,23.28170218781508,1175
973,2023-08-28 19:35:19.559,dd-0-0.0.1,18.341120652906124,1175
974,2023-08-28 19:35:19.559,image_processing-0-0.0.1,43.07491804894004,1175
975,2023-08-28 19:35:19.559,pyaes-0-0.0.1,24.85779091517194,1175
976,2023-08-28 19:35:20.562,cnn_image_classification-0-0.0.1,27.944921397841117,1175
977,2023-08-28 19:35:20.562,dd-0-0.0.1,1.054225335756239,1175
978,2023-08-28 19:35:20.562,image_processing-0-0.0.1,35.225418028746375,1175
979,2023-08-28 19:35:20.562,pyaes-0-0.0.1,40.64872069043138,1175
980,2023-08-28 19:35:21.565,cnn_image_classification-0-0.0.1,31.485939702038774,1175
981,2023-08-28 19:35:21.565,dd-0-0.0.1,7.915589443060747,1175
982,2023-08-28 19:35:21.565,image_processing-0-0.0.1,31.000271184207193,1175
983,2023-08-28 19:35:21.565,pyaes-0-0.0.1,47.329240683255804,1175
984,2023-08-28 19:35:22.569,cnn_image_classification-0-0.0.1,28.16327848900928,1175
985,2023-08-28 19:35:22.569,dd-0-0.0.1,10.886725572988283,1175
986,2023-08-28 19:35:22.569,image_processing-0-0.0.1,58.18050014352406,1175
987,2023-08-28 19:35:22.569,pyaes-0-0.0.1,38.30692942676892,1175
988,2023-08-28 19:35:23.572,cnn_image_classification-0-0.0.1,21.579661388366937,1175
989,2023-08-28 19:35:23.572,dd-0-0.0.1,15.960824697689109,1175
990,2023-08-28 19:35:23.572,image_processing-0-0.0.1,57.49758661473021,1175
991,2023-08-28 19:35:23.572,pyaes-0-0.0.1,36.86848973218263,1175
992,2023-08-28 19:35:24.576,cnn_image_classification-0-0.0.1,35.98060305320607,1175
993,2023-08-28 19:35:24.576,dd-0-0.0.1,14.884852881328339,1175
994,2023-08-28 19:35:24.576,image_processing-0-0.0.1,17.12277665570189,1175
995,2023-08-28 19:35:24.576,pyaes-0-0.0.1,48.945902370624275,1175
996,2023-08-28 19:35:25.579,cnn_image_classification-0-0.0.1,39.91444780614162,1175
997,2023-08-28 19:35:25.579,dd-0-0.0.1,2.9323555866136974,1175
998,2023-08-28 19:35:25.579,image_processing-0-0.0.1,9.774118108628192,1175
999,2023-08-28 19:35:25.579,pyaes-0-0.0.1,46.51396591749739,1175
1000,2023-08-28 19:35:27.585,cnn_image_classification-0-0.0.1,28.8225458830183,1175
1001,2023-08-28 19:35:27.585,dd-0-0.0.1,4.363934378553434,1175
1002,2023-08-28 19:35:27.585,image_processing-0-0.0.1,0.002835846073866332,1175
1003,2023-08-28 19:35:27.585,pyaes-0-0.0.1,20.688291371186683,1175
1004,2023-08-28 19:35:28.589,cnn_image_classification-0-0.0.1,35.88791456596488,1175
1005,2023-08-28 19:35:28.589,dd-0-0.0.1,15.895798937435007,1175
1006,2023-08-28 19:35:28.589,image_processing-0-0.0.1,2.374581619429315,1175
1007,2023-08-28 19:35:28.589,pyaes-0-0.0.1,16.692160162253263,1175
1008,2023-08-28 19:35:29.592,cnn_image_classification-0-0.0.1,56.21981050687799,1175
1009,2023-08-28 19:35:29.592,dd-0-0.0.1,23.415556122446667,1175
1010,2023-08-28 19:35:29.592,image_processing-0-0.0.1,16.082623525080436,1175
1011,2023-08-28 19:35:29.592,pyaes-0-0.0.1,13.655328480587972,1175
1012,2023-08-28 19:35:30.595,cnn_image_classification-0-0.0.1,39.021626093789926,1175
1013,2023-08-28 19:35:30.595,dd-0-0.0.1,28.047588312858558,1175
1014,2023-08-28 19:35:30.595,image_processing-0-0.0.1,35.371017262490795,1175
1015,2023-08-28 19:35:30.595,pyaes-0-0.0.1,42.67440291830105,1175
1016,2023-08-28 19:35:31.599,cnn_image_classification-0-0.0.1,28.82743254242472,1175
1017,2023-08-28 19:35:31.599,dd-0-0.0.1,13.772735117719302,1175
1018,2023-08-28 19:35:31.599,image_processing-0-0.0.1,41.97989457552645,1175
1019,2023-08-28 19:35:31.599,pyaes-0-0.0.1,68.13779638079669,1175
1020,2023-08-28 19:35:33.605,cnn_image_classification-0-0.0.1,28.368692304798095,1175
1021,2023-08-28 19:35:33.605,dd-0-0.0.1,19.552147212298813,1175
1022,2023-08-28 19:35:33.605,image_processing-0-0.0.1,18.469270455705207,1175
1023,2023-08-28 19:35:33.605,pyaes-0-0.0.1,50.52817669029355,1175
1024,2023-08-28 19:35:34.609,cnn_image_classification-0-0.0.1,15.903396988576338,1175
1025,2023-08-28 19:35:34.609,dd-0-0.0.1,20.293268285851255,1175
1026,2023-08-28 19:35:34.609,image_processing-0-0.0.1,13.189847329532698,1175
1027,2023-08-28 19:35:34.609,pyaes-0-0.0.1,53.906016468965106,1175
1028,2023-08-28 19:35:35.613,cnn_image_classification-0-0.0.1,12.683443485598842,1175
1029,2023-08-28 19:35:35.613,dd-0-0.0.1,30.775478979914904,1175
1030,2023-08-28 19:35:35.613,image_processing-0-0.0.1,18.90508547026994,1175
1031,2023-08-28 19:35:35.613,pyaes-0-0.0.1,40.589850698986254,1175
1032,2023-08-28 19:35:37.620,cnn_image_classification-0-0.0.1,11.556965490839781,1175
1033,2023-08-28 19:35:37.620,dd-0-0.0.1,7.384435622294607,1175
1034,2023-08-28 19:35:37.620,image_processing-0-0.0.1,20.06901796719543,1175
1035,2023-08-28 19:35:37.620,pyaes-0-0.0.1,28.6820907356958,1175
1036,2023-08-28 19:35:38.624,cnn_image_classification-0-0.0.1,9.9124178753883,1175
1037,2023-08-28 19:35:38.624,dd-0-0.0.1,0.002285991518788579,1175
1038,2023-08-28 19:35:38.624,image_processing-0-0.0.1,56.77964729047984,1175
1039,2023-08-28 19:35:38.624,pyaes-0-0.0.1,38.92706778323447,1175
1040,2023-08-28 19:35:39.628,cnn_image_classification-0-0.0.1,13.836269382906151,1175
1041,2023-08-28 19:35:39.628,dd-0-0.0.1,2.084881858460649,1175
1042,2023-08-28 19:35:39.628,image_processing-0-0.0.1,61.47818977119169,1175
1043,2023-08-28 19:35:39.628,pyaes-0-0.0.1,36.13044799019709,1175
1044,2023-08-28 19:35:42.638,cnn_image_classification-0-0.0.1,4.729941615271652,1175
1045,2023-08-28 19:35:42.638,dd-0-0.0.1,6.952143525170952,1175
1046,2023-08-28 19:35:42.638,image_processing-0-0.0.1,12.14011094205406,1175
1047,2023-08-28 19:35:42.638,pyaes-0-0.0.1,23.580155164058482,1175
1048,2023-08-28 19:35:43.641,cnn_image_classification-0-0.0.1,10.877247932017823,1175
1049,2023-08-28 19:35:43.641,dd-0-0.0.1,26.662492705420696,1175
1050,2023-08-28 19:35:43.641,image_processing-0-0.0.1,20.674886314549468,1175
1051,2023-08-28 19:35:43.641,pyaes-0-0.0.1,17.34792787041776,1175
1052,2023-08-28 19:35:45.647,cnn_image_classification-0-0.0.1,28.112024081797045,1175
1053,2023-08-28 19:35:45.647,dd-0-0.0.1,5.481055884181235,1175
1054,2023-08-28 19:35:45.647,image_processing-0-0.0.1,2.0994027200246905,1175
1055,2023-08-28 19:35:45.647,pyaes-0-0.0.1,31.88875472606361,1175
1056,2023-08-28 19:35:46.651,cnn_image_classification-0-0.0.1,39.80905732898728,1175
1057,2023-08-28 19:35:46.651,dd-0-0.0.1,0.0020797999912355275,1175
1058,2023-08-28 19:35:46.651,image_processing-0-0.0.1,11.091354158079177,1175
1059,2023-08-28 19:35:46.651,pyaes-0-0.0.1,44.572942214651256,1175
1060,2023-08-28 19:35:47.654,cnn_image_classification-0-0.0.1,48.263346303327886,1175
1061,2023-08-28 19:35:47.654,dd-0-0.0.1,0.001979081310476864,1175
1062,2023-08-28 19:35:47.654,image_processing-0-0.0.1,26.941488417603356,1175
1063,2023-08-28 19:35:47.654,pyaes-0-0.0.1,41.33372880672289,1175
1064,2023-08-28 19:35:48.657,cnn_image_classification-0-0.0.1,48.16168665218274,1175
1065,2023-08-28 19:35:48.657,dd-0-0.0.1,7.222648325422909,1175
1066,2023-08-28 19:35:48.657,image_processing-0-0.0.1,28.01215329513989,1175
1067,2023-08-28 19:35:48.657,pyaes-0-0.0.1,22.187962272467068,1175
1068,2023-08-28 19:35:49.660,cnn_image_classification-0-0.0.1,47.68311614534266,1175
1069,2023-08-28 19:35:49.660,dd-0-0.0.1,20.525748186910185,1175
1070,2023-08-28 19:35:49.660,image_processing-0-0.0.1,21.34961718885838,1175
1071,2023-08-28 19:35:49.660,pyaes-0-0.0.1,12.147132411739967,1175
1072,2023-08-28 19:35:50.663,cnn_image_classification-0-0.0.1,24.482519412740658,1175
1073,2023-08-28 19:35:50.663,dd-0-0.0.1,38.873095892014476,1175
1074,2023-08-28 19:35:50.663,image_processing-0-0.0.1,21.971559228934677,1175
1075,2023-08-28 19:35:50.663,pyaes-0-0.0.1,33.12439562156689,1175
1076,2023-08-28 19:35:51.666,cnn_image_classification-0-0.0.1,10.522948967487958,1175
1077,2023-08-28 19:35:51.666,dd-0-0.0.1,22.117737987745564,1175
1078,2023-08-28 19:35:51.666,image_processing-0-0.0.1,28.541257328973803,1175
1079,2023-08-28 19:35:51.666,pyaes-0-0.0.1,58.871926173927,1175
1080,2023-08-28 19:35:53.673,cnn_image_classification-0-0.0.1,1.4621966741329384,1175
1081,2023-08-28 19:35:53.673,dd-0-0.0.1,7.491891761269361,1175
1082,2023-08-28 19:35:53.673,image_processing-0-0.0.1,27.496665015405668,1175
1083,2023-08-28 19:35:53.673,pyaes-0-0.0.1,39.172697691680355,1175
1084,2023-08-28 19:35:54.676,cnn_image_classification-0-0.0.1,4.635727159493623,1175
1085,2023-08-28 19:35:54.676,dd-0-0.0.1,20.318014181983624,1175
1086,2023-08-28 19:35:54.676,image_processing-0-0.0.1,49.579717210959345,1175
1087,2023-08-28 19:35:54.676,pyaes-0-0.0.1,13.62273267720221,1175
1088,2023-08-28 19:35:56.683,cnn_image_classification-0-0.0.1,21.03409591665807,1175
1089,2023-08-28 19:35:56.683,dd-0-0.0.1,5.222732147009714,1175
1090,2023-08-28 19:35:56.683,image_processing-0-0.0.1,31.405866346260225,1175
1091,2023-08-28 19:35:56.683,pyaes-0-0.0.1,36.1968732724457,1175
1092,2023-08-28 19:35:57.687,cnn_image_classification-0-0.0.1,32.86408581739232,1175
1093,2023-08-28 19:35:57.687,dd-0-0.0.1,0.0023449840976757265,1175
1094,2023-08-28 19:35:57.687,image_processing-0-0.0.1,40.156572538255006,1175
1095,2023-08-28 19:35:57.687,pyaes-0-0.0.1,50.77206126048291,1175
1096,2023-08-28 19:35:58.690,cnn_image_classification-0-0.0.1,41.64695191399243,1175
1097,2023-08-28 19:35:58.690,dd-0-0.0.1,1.83637957201084,1175
1098,2023-08-28 19:35:58.690,image_processing-0-0.0.1,35.861930945852706,1175
1099,2023-08-28 19:35:58.690,pyaes-0-0.0.1,42.85557818128498,1175
1100,2023-08-28 19:35:59.694,cnn_image_classification-0-0.0.1,48.21770930663868,1175
1101,2023-08-28 19:35:59.694,dd-0-0.0.1,20.185559000226444,1175
1102,2023-08-28 19:35:59.694,image_processing-0-0.0.1,22.09083837706105,1175
1103,2023-08-28 19:35:59.694,pyaes-0-0.0.1,11.133265117122894,1175
1104,2023-08-28 19:36:00.698,cnn_image_classification-0-0.0.1,50.770200501540735,1176
1105,2023-08-28 19:36:00.698,dd-0-0.0.1,37.780534711653665,1176
1106,2023-08-28 19:36:00.698,image_processing-0-0.0.1,2.475471445027627,1176
1107,2023-08-28 19:36:00.698,pyaes-0-0.0.1,8.940179383751929,1176
1108,2023-08-28 19:36:01.702,cnn_image_classification-0-0.0.1,51.811330098252476,1176
1109,2023-08-28 19:36:01.702,dd-0-0.0.1,25.987975352727467,1176
1110,2023-08-28 19:36:01.702,image_processing-0-0.0.1,11.371537131574273,1176
1111,2023-08-28 19:36:01.702,pyaes-0-0.0.1,15.817919888164456,1176
1112,2023-08-28 19:36:02.705,cnn_image_classification-0-0.0.1,38.697646999354966,1176
1113,2023-08-28 19:36:02.705,dd-0-0.0.1,24.536480453475708,1176
1114,2023-08-28 19:36:02.705,image_processing-0-0.0.1,36.64467609766977,1176
1115,2023-08-28 19:36:02.705,pyaes-0-0.0.1,24.301494309173044,1176
1116,2023-08-28 19:36:03.709,cnn_image_classification-0-0.0.1,27.922201865601266,1176
1117,2023-08-28 19:36:03.709,dd-0-0.0.1,25.708285524737743,1176
1118,2023-08-28 19:36:03.709,image_processing-0-0.0.1,61.233973026932105,1176
1119,2023-08-28 19:36:03.709,pyaes-0-0.0.1,18.173009784947887,1176
1120,2023-08-28 19:36:05.716,cnn_image_classification-0-0.0.1,35.177437739674296,1176
1121,2023-08-28 19:36:05.716,dd-0-0.0.1,22.394994467432387,1176
1122,2023-08-28 19:36:05.716,image_processing-0-0.0.1,24.09513941316665,1176
1123,2023-08-28 19:36:05.716,pyaes-0-0.0.1,61.42026121516209,1176
1124,2023-08-28 19:36:09.732,cnn_image_classification-0-0.0.1,18.725992966711694,1176
1125,2023-08-28 19:36:09.732,dd-0-0.0.1,10.10404369817886,1176
1126,2023-08-28 19:36:09.732,image_processing-0-0.0.1,55.543274897684284,1176
1127,2023-08-28 19:36:09.732,pyaes-0-0.0.1,22.580873895197257,1176
1128,2023-08-28 19:36:10.736,cnn_image_classification-0-0.0.1,17.508864356046235,1176
1129,2023-08-28 19:36:10.736,dd-0-0.0.1,11.233502707656786,1176
1130,2023-08-28 19:36:10.736,image_processing-0-0.0.1,47.24124784160263,1176
1131,2023-08-28 19:36:10.736,pyaes-0-0.0.1,29.988814765703424,1176
1132,2023-08-28 19:36:12.744,cnn_image_classification-0-0.0.1,36.68609203003573,1176
1133,2023-08-28 19:36:12.744,dd-0-0.0.1,0.8331232725647887,1176
1134,2023-08-28 19:36:12.744,image_processing-0-0.0.1,0.002612344044262648,1176
1135,2023-08-28 19:36:12.744,pyaes-0-0.0.1,35.67508250980384,1176
1136,2023-08-28 19:36:13.748,cnn_image_classification-0-0.0.1,35.405372012933924,1176
1137,2023-08-28 19:36:13.748,dd-0-0.0.1,0.0025284281472161023,1176
1138,2023-08-28 19:36:13.748,image_processing-0-0.0.1,4.348091736956135,1176
1139,2023-08-28 19:36:13.748,pyaes-0-0.0.1,17.988669526465937,1176
1140,2023-08-28 19:36:14.751,cnn_image_classification-0-0.0.1,24.427593766637322,1176
1141,2023-08-28 19:36:14.751,dd-0-0.0.1,9.154572972342084,1176
1142,2023-08-28 19:36:14.751,image_processing-0-0.0.1,16.820502355556282,1176
1143,2023-08-28 19:36:14.751,pyaes-0-0.0.1,20.603254680694423,1176
1144,2023-08-28 19:36:15.755,cnn_image_classification-0-0.0.1,22.53799746120147,1176
1145,2023-08-28 19:36:15.755,dd-0-0.0.1,17.65279549009824,1176
1146,2023-08-28 19:36:15.755,image_processing-0-0.0.1,21.43042562605854,1176
1147,2023-08-28 19:36:15.755,pyaes-0-0.0.1,32.35351664023395,1176
1148,2023-08-28 19:36:16.759,cnn_image_classification-0-0.0.1,23.832298169330286,1176
1149,2023-08-28 19:36:16.759,dd-0-0.0.1,11.301167660823012,1176
1150,2023-08-28 19:36:16.759,image_processing-0-0.0.1,32.41440883552358,1176
1151,2023-08-28 19:36:16.759,pyaes-0-0.0.1,31.34743763987613,1176
1152,2023-08-28 19:36:17.762,cnn_image_classification-0-0.0.1,17.919698987199258,1176
1153,2023-08-28 19:36:17.762,dd-0-0.0.1,21.201081000488436,1176
1154,2023-08-28 19:36:17.762,image_processing-0-0.0.1,43.95876008904315,1176
1155,2023-08-28 19:36:17.762,pyaes-0-0.0.1,23.69943056206428,1176
1156,2023-08-28 19:36:18.765,cnn_image_classification-0-0.0.1,17.603303233944132,1176
1157,2023-08-28 19:36:18.765,dd-0-0.0.1,16.36116249494311,1176
1158,2023-08-28 19:36:18.765,image_processing-0-0.0.1,37.032895430385054,1176
1159,2023-08-28 19:36:18.765,pyaes-0-0.0.1,24.07126571315728,1176
1160,2023-08-28 19:36:19.768,cnn_image_classification-0-0.0.1,22.10018184220161,1176
1161,2023-08-28 19:36:19.768,dd-0-0.0.1,31.10420143828427,1176
1162,2023-08-28 19:36:19.768,image_processing-0-0.0.1,5.802751786192194,1176
1163,2023-08-28 19:36:19.768,pyaes-0-0.0.1,37.696189010170656,1176
1164,2023-08-28 19:36:20.772,cnn_image_classification-0-0.0.1,13.242921356848411,1176
1165,2023-08-28 19:36:20.772,dd-0-0.0.1,45.63292786815499,1176
1166,2023-08-28 19:36:20.772,image_processing-0-0.0.1,8.59445484571303,1176
1167,2023-08-28 19:36:20.772,pyaes-0-0.0.1,51.71931226773029,1176
1168,2023-08-28 19:36:21.776,cnn_image_classification-0-0.0.1,23.12757482050207,1176
1169,2023-08-28 19:36:21.776,dd-0-0.0.1,5.860248165780311,1176
1170,2023-08-28 19:36:21.776,image_processing-0-0.0.1,25.19388651477623,1176
1171,2023-08-28 19:36:21.776,pyaes-0-0.0.1,53.89136393099718,1176
1172,2023-08-28 19:36:22.780,cnn_image_classification-0-0.0.1,31.047822337959932,1176
1173,2023-08-28 19:36:22.780,dd-0-0.0.1,6.570570976777547,1176
1174,2023-08-28 19:36:22.780,image_processing-0-0.0.1,17.221086583278844,1176
1175,2023-08-28 19:36:22.780,pyaes-0-0.0.1,49.02712518223378,1176
1176,2023-08-28 19:36:23.783,cnn_image_classification-0-0.0.1,38.74739028018898,1176
1177,2023-08-28 19:36:23.783,dd-0-0.0.1,9.585152106561642,1176
1178,2023-08-28 19:36:23.783,image_processing-0-0.0.1,0.002658149621441489,1176
1179,2023-08-28 19:36:23.783,pyaes-0-0.0.1,34.23523313215015,1176
1180,2023-08-28 19:36:24.787,cnn_image_classification-0-0.0.1,31.275233726194013,1176
1181,2023-08-28 19:36:24.787,dd-0-0.0.1,16.484002181673425,1176
1182,2023-08-28 19:36:24.787,image_processing-0-0.0.1,0.0030918176479223796,1176
1183,2023-08-28 19:36:24.787,pyaes-0-0.0.1,22.676165459163226,1176
1184,2023-08-28 19:36:25.790,cnn_image_classification-0-0.0.1,22.706196783300154,1176
1185,2023-08-28 19:36:25.790,dd-0-0.0.1,35.30733104802622,1176
1186,2023-08-28 19:36:25.790,image_processing-0-0.0.1,6.583517447498692,1176
1187,2023-08-28 19:36:25.790,pyaes-0-0.0.1,23.267997281684647,1176
1188,2023-08-28 19:36:26.794,cnn_image_classification-0-0.0.1,21.17280431892292,1176
1189,2023-08-28 19:36:26.794,dd-0-0.0.1,40.64069937879745,1176
1190,2023-08-28 19:36:26.794,image_processing-0-0.0.1,24.27961235676553,1176
1191,2023-08-28 19:36:26.794,pyaes-0-0.0.1,17.68916790025792,1176
1192,2023-08-28 19:36:28.802,cnn_image_classification-0-0.0.1,23.648046526958183,1176
1193,2023-08-28 19:36:28.802,dd-0-0.0.1,26.322387956975135,1176
1194,2023-08-28 19:36:28.802,image_processing-0-0.0.1,0.002742651193993215,1176
1195,2023-08-28 19:36:28.802,pyaes-0-0.0.1,0.004319407407736018,1176
1196,2023-08-28 19:36:29.806,cnn_image_classification-0-0.0.1,35.32894425859928,1176
1197,2023-08-28 19:36:29.806,dd-0-0.0.1,37.726987505246136,1176
1198,2023-08-28 19:36:29.806,image_processing-0-0.0.1,9.907222263316315,1176
1199,2023-08-28 19:36:29.806,pyaes-0-0.0.1,0.003642933853613483,1176
1200,2023-08-28 19:36:30.810,cnn_image_classification-0-0.0.1,39.994466046200145,1176
1201,2023-08-28 19:36:30.810,dd-0-0.0.1,12.297366829327405,1176
1202,2023-08-28 19:36:30.810,image_processing-0-0.0.1,31.706931271786747,1176
1203,2023-08-28 19:36:30.810,pyaes-0-0.0.1,9.970217567042413,1176
1204,2023-08-28 19:36:31.814,cnn_image_classification-0-0.0.1,47.58418572328824,1176
1205,2023-08-28 19:36:31.814,dd-0-0.0.1,6.520387882402596,1176
1206,2023-08-28 19:36:31.814,image_processing-0-0.0.1,38.05619661467942,1176
1207,2023-08-28 19:36:31.814,pyaes-0-0.0.1,16.457215772377996,1176
1208,2023-08-28 19:36:32.818,cnn_image_classification-0-0.0.1,58.22424493368828,1176
1209,2023-08-28 19:36:32.818,dd-0-0.0.1,0.0020399395591034633,1176
1210,2023-08-28 19:36:32.818,image_processing-0-0.0.1,23.114470533127488,1176
1211,2023-08-28 19:36:32.818,pyaes-0-0.0.1,22.057678826831683,1176
1212,2023-08-28 19:36:33.821,cnn_image_classification-0-0.0.1,55.53789896456588,1176
1213,2023-08-28 19:36:33.821,dd-0-0.0.1,12.517711660455396,1176
1214,2023-08-28 19:36:33.821,image_processing-0-0.0.1,23.02157574197985,1176
1215,2023-08-28 19:36:33.821,pyaes-0-0.0.1,28.167796194838548,1176
1216,2023-08-28 19:36:34.825,cnn_image_classification-0-0.0.1,44.02621523461328,1176
1217,2023-08-28 19:36:34.825,dd-0-0.0.1,21.292369741830324,1176
1218,2023-08-28 19:36:34.825,image_processing-0-0.0.1,21.966051070894636,1176
1219,2023-08-28 19:36:34.825,pyaes-0-0.0.1,42.93566490722738,1176
1220,2023-08-28 19:36:35.829,cnn_image_classification-0-0.0.1,41.45135300057839,1176
1221,2023-08-28 19:36:35.829,dd-0-0.0.1,6.612849316216001,1176
1222,2023-08-28 19:36:35.829,image_processing-0-0.0.1,7.526820256763558,1176
1223,2023-08-28 19:36:35.829,pyaes-0-0.0.1,54.218909379574825,1176
1224,2023-08-28 19:36:36.832,cnn_image_classification-0-0.0.1,49.11521366893528,1176
1225,2023-08-28 19:36:36.832,dd-0-0.0.1,11.840878537873099,1176
1226,2023-08-28 19:36:36.832,image_processing-0-0.0.1,7.000928469420957,1176
1227,2023-08-28 19:36:36.832,pyaes-0-0.0.1,43.81850161490621,1176
1228,2023-08-28 19:36:37.836,cnn_image_classification-0-0.0.1,49.02031152073654,1176
1229,2023-08-28 19:36:37.836,dd-0-0.0.1,14.07085523120649,1176
1230,2023-08-28 19:36:37.836,image_processing-0-0.0.1,26.56484014447235,1176
1231,2023-08-28 19:36:37.836,pyaes-0-0.0.1,53.02969510708913,1176
1232,2023-08-28 19:36:39.845,cnn_image_classification-0-0.0.1,38.72543360553054,1176
1233,2023-08-28 19:36:39.845,dd-0-0.0.1,16.566652992138717,1176
1234,2023-08-28 19:36:39.845,image_processing-0-0.0.1,16.93002091289878,1176
1235,2023-08-28 19:36:39.845,pyaes-0-0.0.1,28.32784817721866,1176
1236,2023-08-28 19:36:40.849,cnn_image_classification-0-0.0.1,35.58100758916391,1176
1237,2023-08-28 19:36:40.849,dd-0-0.0.1,12.082572741138554,1176
1238,2023-08-28 19:36:40.849,image_processing-0-0.0.1,16.563831819191638,1176
1239,2023-08-28 19:36:40.849,pyaes-0-0.0.1,19.375157651414238,1176
1240,2023-08-28 19:36:41.853,cnn_image_classification-0-0.0.1,26.88298277576677,1176
1241,2023-08-28 19:36:41.853,dd-0-0.0.1,17.534141607883267,1176
1242,2023-08-28 19:36:41.853,image_processing-0-0.0.1,18.408262769420894,1176
1243,2023-08-28 19:36:41.853,pyaes-0-0.0.1,21.19740611633739,1176
1244,2023-08-28 19:36:42.856,cnn_image_classification-0-0.0.1,18.287211057927323,1176
1245,2023-08-28 19:36:42.856,dd-0-0.0.1,23.773516509210005,1176
1246,2023-08-28 19:36:42.856,image_processing-0-0.0.1,21.788180347879035,1176
1247,2023-08-28 19:36:42.856,pyaes-0-0.0.1,21.9379931186823,1176
1248,2023-08-28 19:36:43.860,cnn_image_classification-0-0.0.1,16.518027476914902,1176
1249,2023-08-28 19:36:43.860,dd-0-0.0.1,12.09079518338157,1176
1250,2023-08-28 19:36:43.860,image_processing-0-0.0.1,35.26154684919449,1176
1251,2023-08-28 19:36:43.860,pyaes-0-0.0.1,24.73833966795455,1176
1252,2023-08-28 19:36:44.864,cnn_image_classification-0-0.0.1,30.318328028072955,1176
1253,2023-08-28 19:36:44.864,dd-0-0.0.1,12.456408001079271,1176
1254,2023-08-28 19:36:44.864,image_processing-0-0.0.1,22.780395151809934,1176
1255,2023-08-28 19:36:44.864,pyaes-0-0.0.1,25.137941438531662,1176
1256,2023-08-28 19:36:45.868,cnn_image_classification-0-0.0.1,32.58043188716342,1176
1257,2023-08-28 19:36:45.868,dd-0-0.0.1,9.005207830179355,1176
1258,2023-08-28 19:36:45.868,image_processing-0-0.0.1,13.387493695434731,1176
1259,2023-08-28 19:36:45.868,pyaes-0-0.0.1,34.23998051723579,1176
1260,2023-08-28 19:36:46.872,cnn_image_classification-0-0.0.1,31.011472162461168,1176
1261,2023-08-28 19:36:46.872,dd-0-0.0.1,1.9586763308225734,1176
1262,2023-08-28 19:36:46.872,image_processing-0-0.0.1,12.60105540932338,1176
1263,2023-08-28 19:36:46.872,pyaes-0-0.0.1,31.373347404318515,1176
1264,2023-08-28 19:36:47.875,cnn_image_classification-0-0.0.1,20.818616812557014,1176
1265,2023-08-28 19:36:47.875,dd-0-0.0.1,8.27256648713215,1176
1266,2023-08-28 19:36:47.875,image_processing-0-0.0.1,14.556971117708056,1176
1267,2023-08-28 19:36:47.875,pyaes-0-0.0.1,31.962775622150126,1176
1268,2023-08-28 19:36:48.878,cnn_image_classification-0-0.0.1,15.732057784380222,1176
1269,2023-08-28 19:36:48.878,dd-0-0.0.1,9.933921098647682,1176
1270,2023-08-28 19:36:48.878,image_processing-0-0.0.1,24.07548242876559,1176
1271,2023-08-28 19:36:48.878,pyaes-0-0.0.1,25.57536763999063,1176
1272,2023-08-28 19:36:49.881,cnn_image_classification-0-0.0.1,10.404622672711003,1176
1273,2023-08-28 19:36:49.881,dd-0-0.0.1,7.313526415271691,1176
1274,2023-08-28 19:36:49.881,image_processing-0-0.0.1,32.68329238903217,1176
1275,2023-08-28 19:36:49.881,pyaes-0-0.0.1,30.0907433925285,1176
1276,2023-08-28 19:36:50.885,cnn_image_classification-0-0.0.1,7.475331173597514,1176
1277,2023-08-28 19:36:50.885,dd-0-0.0.1,15.065373502073111,1176
1278,2023-08-28 19:36:50.885,image_processing-0-0.0.1,37.95277993427055,1176
1279,2023-08-28 19:36:50.885,pyaes-0-0.0.1,37.335454738895855,1176
1280,2023-08-28 19:36:51.888,cnn_image_classification-0-0.0.1,10.738167736412123,1176
1281,2023-08-28 19:36:51.888,dd-0-0.0.1,17.551293151910873,1176
1282,2023-08-28 19:36:51.888,image_processing-0-0.0.1,36.85881471497775,1176
1283,2023-08-28 19:36:51.888,pyaes-0-0.0.1,34.061945060037175,1176
1284,2023-08-28 19:36:52.891,cnn_image_classification-0-0.0.1,16.523295019985753,1176
1285,2023-08-28 19:36:52.891,dd-0-0.0.1,6.319534178331558,1176
1286,2023-08-28 19:36:52.891,image_processing-0-0.0.1,31.06895165648201,1176
1287,2023-08-28 19:36:52.891,pyaes-0-0.0.1,30.707699548137047,1176
1288,2023-08-28 19:36:53.895,cnn_image_classification-0-0.0.1,19.84510018901954,1176
1289,2023-08-28 19:36:53.895,dd-0-0.0.1,24.838431539750893,1176
1290,2023-08-28 19:36:53.895,image_processing-0-0.0.1,19.46012053202999,1176
1291,2023-08-28 19:36:53.895,pyaes-0-0.0.1,12.646850118135774,1176
1292,2023-08-28 19:36:54.899,cnn_image_classification-0-0.0.1,28.93434563782443,1176
1293,2023-08-28 19:36:54.899,dd-0-0.0.1,25.685685475032408,1176
1294,2023-08-28 19:36:54.899,image_processing-0-0.0.1,12.43549094805067,1176
1295,2023-08-28 19:36:54.899,pyaes-0-0.0.1,16.118679081370924,1176
1296,2023-08-28 19:36:55.903,cnn_image_classification-0-0.0.1,29.924470794789197,1176
1297,2023-08-28 19:36:55.903,dd-0-0.0.1,16.181252373622478,1176
1298,2023-08-28 19:36:55.903,image_processing-0-0.0.1,22.105977079235704,1176
1299,2023-08-28 19:36:55.903,pyaes-0-0.0.1,23.692452606705054,1176
1300,2023-08-28 19:36:56.906,cnn_image_classification-0-0.0.1,31.31748562651352,1176
1301,2023-08-28 19:36:56.906,dd-0-0.0.1,13.97853950386869,1176
1302,2023-08-28 19:36:56.906,image_processing-0-0.0.1,24.421219391570325,1176
1303,2023-08-28 19:36:56.906,pyaes-0-0.0.1,25.451189147657526,1176
1304,2023-08-28 19:36:57.909,cnn_image_classification-0-0.0.1,35.51674034770582,1176
1305,2023-08-28 19:36:57.909,dd-0-0.0.1,20.511584031748598,1176
1306,2023-08-28 19:36:57.909,image_processing-0-0.0.1,27.26952328357497,1176
1307,2023-08-28 19:36:57.909,pyaes-0-0.0.1,11.56162835933422,1176
1308,2023-08-28 19:36:59.916,cnn_image_classification-0-0.0.1,51.451971421448015,1176
1309,2023-08-28 19:36:59.916,dd-0-0.0.1,24.066336245323832,1176
1310,2023-08-28 19:36:59.916,image_processing-0-0.0.1,10.74674679316271,1176
1311,2023-08-28 19:36:59.916,pyaes-0-0.0.1,9.198866324122289,1176
1312,2023-08-28 19:37:00.918,cnn_image_classification-0-0.0.1,45.98523734379103,1177
1313,2023-08-28 19:37:00.918,dd-0-0.0.1,19.110677914713378,1177
1314,2023-08-28 19:37:00.918,image_processing-0-0.0.1,13.67217162127302,1177
1315,2023-08-28 19:37:00.918,pyaes-0-0.0.1,26.092083113281493,1177
1316,2023-08-28 19:37:01.921,cnn_image_classification-0-0.0.1,34.87753382105427,1177
1317,2023-08-28 19:37:01.921,dd-0-0.0.1,12.616536353986486,1177
1318,2023-08-28 19:37:01.921,image_processing-0-0.0.1,39.32056438069559,1177
1319,2023-08-28 19:37:01.921,pyaes-0-0.0.1,25.531342317842014,1177
1320,2023-08-28 19:37:03.932,cnn_image_classification-0-0.0.1,37.81053151587861,1177
1321,2023-08-28 19:37:03.932,dd-0-0.0.1,13.986739319602611,1177
1322,2023-08-28 19:37:03.932,image_processing-0-0.0.1,25.213956582352445,1177
1323,2023-08-28 19:37:03.932,pyaes-0-0.0.1,19.427408194723924,1177
1324,2023-08-28 19:37:04.935,cnn_image_classification-0-0.0.1,42.75299523454482,1177
1325,2023-08-28 19:37:04.935,dd-0-0.0.1,2.9041084867235805,1177
1326,2023-08-28 19:37:04.935,image_processing-0-0.0.1,22.707184777439156,1177
1327,2023-08-28 19:37:04.935,pyaes-0-0.0.1,36.720547546373325,1177
1328,2023-08-28 19:37:07.945,cnn_image_classification-0-0.0.1,25.922390022831646,1177
1329,2023-08-28 19:37:07.945,dd-0-0.0.1,15.951927471804677,1177
1330,2023-08-28 19:37:07.945,image_processing-0-0.0.1,6.723497797661235,1177
1331,2023-08-28 19:37:07.945,pyaes-0-0.0.1,21.6205470156299,1177
1332,2023-08-28 19:37:08.949,cnn_image_classification-0-0.0.1,38.5632608293075,1177
1333,2023-08-28 19:37:08.949,dd-0-0.0.1,9.698160721736283,1177
1334,2023-08-28 19:37:08.949,image_processing-0-0.0.1,8.790837486736145,1177
1335,2023-08-28 19:37:08.949,pyaes-0-0.0.1,22.6781386732968,1177
1336,2023-08-28 19:37:09.953,cnn_image_classification-0-0.0.1,35.50753605972655,1177
1337,2023-08-28 19:37:09.953,dd-0-0.0.1,24.132262696849182,1177
1338,2023-08-28 19:37:09.953,image_processing-0-0.0.1,15.776701453167195,1177
1339,2023-08-28 19:37:09.953,pyaes-0-0.0.1,27.396001375101847,1177
1340,2023-08-28 19:37:12.964,cnn_image_classification-0-0.0.1,28.986751114603173,1177
1341,2023-08-28 19:37:12.964,dd-0-0.0.1,0.0026040925051218867,1177
1342,2023-08-28 19:37:12.964,image_processing-0-0.0.1,10.867517330750445,1177
1343,2023-08-28 19:37:12.964,pyaes-0-0.0.1,66.93600550474706,1177
1344,2023-08-28 19:37:15.975,cnn_image_classification-0-0.0.1,42.66560717837529,1177
1345,2023-08-28 19:37:15.975,dd-0-0.0.1,5.139913282747754,1177
1346,2023-08-28 19:37:15.975,image_processing-0-0.0.1,10.32061383712656,1177
1347,2023-08-28 19:37:15.975,pyaes-0-0.0.1,36.47217384886043,1177
1348,2023-08-28 19:37:16.979,cnn_image_classification-0-0.0.1,38.30646764667639,1177
1349,2023-08-28 19:37:16.979,dd-0-0.0.1,16.98283319513463,1177
1350,2023-08-28 19:37:16.979,image_processing-0-0.0.1,34.53265065964479,1177
1351,2023-08-28 19:37:16.979,pyaes-0-0.0.1,36.91753746205704,1177
1352,2023-08-28 19:37:18.987,cnn_image_classification-0-0.0.1,23.975791210629097,1177
1353,2023-08-28 19:37:18.987,dd-0-0.0.1,17.171101734176077,1177
1354,2023-08-28 19:37:18.987,image_processing-0-0.0.1,20.323311911221538,1177
1355,2023-08-28 19:37:18.987,pyaes-0-0.0.1,21.218557706465575,1177
1356,2023-08-28 19:37:19.991,cnn_image_classification-0-0.0.1,18.99189825204618,1177
1357,2023-08-28 19:37:19.991,dd-0-0.0.1,25.483156408896395,1177
1358,2023-08-28 19:37:19.991,image_processing-0-0.0.1,37.10345372100114,1177
1359,2023-08-28 19:37:19.991,pyaes-0-0.0.1,3.00409904064724,1177
1360,2023-08-28 19:37:20.995,cnn_image_classification-0-0.0.1,27.28413574842854,1177
1361,2023-08-28 19:37:20.995,dd-0-0.0.1,11.3560540475681,1177
1362,2023-08-28 19:37:20.995,image_processing-0-0.0.1,45.82813750349258,1177
1363,2023-08-28 19:37:20.995,pyaes-0-0.0.1,23.348977745608366,1177
1364,2023-08-28 19:37:21.998,cnn_image_classification-0-0.0.1,29.694062595784963,1177
1365,2023-08-28 19:37:21.998,dd-0-0.0.1,16.587582191568224,1177
1366,2023-08-28 19:37:21.998,image_processing-0-0.0.1,28.54765827055736,1177
1367,2023-08-28 19:37:21.998,pyaes-0-0.0.1,41.09868058235336,1177
1368,2023-08-28 19:37:23.002,cnn_image_classification-0-0.0.1,33.7086711664761,1177
1369,2023-08-28 19:37:23.002,dd-0-0.0.1,12.998416102305663,1177
1370,2023-08-28 19:37:23.002,image_processing-0-0.0.1,18.109782542352693,1177
1371,2023-08-28 19:37:23.002,pyaes-0-0.0.1,56.99837133176248,1177
1372,2023-08-28 19:37:25.009,cnn_image_classification-0-0.0.1,57.30583055270979,1177
1373,2023-08-28 19:37:25.009,dd-0-0.0.1,17.91250702632814,1177
1374,2023-08-28 19:37:25.009,image_processing-0-0.0.1,15.434151763621676,1177
1375,2023-08-28 19:37:25.009,pyaes-0-0.0.1,27.255683858979815,1177
1376,2023-08-28 19:37:28.020,cnn_image_classification-0-0.0.1,17.84210405073,1177
1377,2023-08-28 19:37:28.020,dd-0-0.0.1,10.46630663346068,1177
1378,2023-08-28 19:37:28.020,image_processing-0-0.0.1,31.623771476097957,1177
1379,2023-08-28 19:37:28.020,pyaes-0-0.0.1,0.003532225091743442,1177
1380,2023-08-28 19:37:29.023,cnn_image_classification-0-0.0.1,17.071566697768155,1177
1381,2023-08-28 19:37:29.023,dd-0-0.0.1,10.106387070824422,1177
1382,2023-08-28 19:37:29.023,image_processing-0-0.0.1,26.463151791431837,1177
1383,2023-08-28 19:37:29.023,pyaes-0-0.0.1,0.0034456091539753317,1177
1384,2023-08-28 19:37:30.026,cnn_image_classification-0-0.0.1,23.26963837734369,1177
1385,2023-08-28 19:37:30.026,dd-0-0.0.1,14.792728989336753,1177
1386,2023-08-28 19:37:30.026,image_processing-0-0.0.1,14.68809756838902,1177
1387,2023-08-28 19:37:30.026,pyaes-0-0.0.1,5.441663847608889,1177
1388,2023-08-28 19:37:31.029,cnn_image_classification-0-0.0.1,29.398326980679776,1177
1389,2023-08-28 19:37:31.029,dd-0-0.0.1,12.993278318707711,1177
1390,2023-08-28 19:37:31.029,image_processing-0-0.0.1,11.581363279930692,1177
1391,2023-08-28 19:37:31.029,pyaes-0-0.0.1,14.049794537130559,1177
1392,2023-08-28 19:37:32.033,cnn_image_classification-0-0.0.1,44.37888521470169,1177
1393,2023-08-28 19:37:32.033,dd-0-0.0.1,12.418654703586586,1177
1394,2023-08-28 19:37:32.033,image_processing-0-0.0.1,24.629623183017387,1177
1395,2023-08-28 19:37:32.033,pyaes-0-0.0.1,12.646763785183918,1177
1396,2023-08-28 19:37:33.038,cnn_image_classification-0-0.0.1,52.48493837044486,1177
1397,2023-08-28 19:37:33.038,dd-0-0.0.1,8.146292388722953,1177
1398,2023-08-28 19:37:33.038,image_processing-0-0.0.1,32.96181262934412,1177
1399,2023-08-28 19:37:33.038,pyaes-0-0.0.1,13.368306159311445,1177
1400,2023-08-28 19:37:34.042,cnn_image_classification-0-0.0.1,46.04303826363061,1177
1401,2023-08-28 19:37:34.042,dd-0-0.0.1,9.040715575741656,1177
1402,2023-08-28 19:37:34.042,image_processing-0-0.0.1,30.82977301134786,1177
1403,2023-08-28 19:37:34.042,pyaes-0-0.0.1,36.732652362977355,1177
1404,2023-08-28 19:37:36.050,cnn_image_classification-0-0.0.1,18.628563373620892,1177
1405,2023-08-28 19:37:36.050,dd-0-0.0.1,10.014686162859856,1177
1406,2023-08-28 19:37:36.050,image_processing-0-0.0.1,16.1271620084963,1177
1407,2023-08-28 19:37:36.050,pyaes-0-0.0.1,33.93778482913096,1177
1408,2023-08-28 19:37:39.060,cnn_image_classification-0-0.0.1,26.14277921085684,1177
1409,2023-08-28 19:37:39.060,dd-0-0.0.1,12.161665161772802,1177
1410,2023-08-28 19:37:39.060,image_processing-0-0.0.1,5.4332299157587665,1177
1411,2023-08-28 19:37:39.060,pyaes-0-0.0.1,22.43500015494881,1177
1412,2023-08-28 19:37:40.065,cnn_image_classification-0-0.0.1,35.91261011795909,1177
1413,2023-08-28 19:37:40.065,dd-0-0.0.1,14.0519671932831,1177
1414,2023-08-28 19:37:40.065,image_processing-0-0.0.1,20.196703740667814,1177
1415,2023-08-28 19:37:40.065,pyaes-0-0.0.1,22.317160430427478,1177
1416,2023-08-28 19:37:41.069,cnn_image_classification-0-0.0.1,41.14106582929922,1177
1417,2023-08-28 19:37:41.069,dd-0-0.0.1,12.68465658529359,1177
1418,2023-08-28 19:37:41.069,image_processing-0-0.0.1,27.396045675090235,1177
1419,2023-08-28 19:37:41.069,pyaes-0-0.0.1,25.10560482372692,1177
1420,2023-08-28 19:37:42.072,cnn_image_classification-0-0.0.1,53.50982426895233,1177
1421,2023-08-28 19:37:42.072,dd-0-0.0.1,27.261186157181093,1177
1422,2023-08-28 19:37:42.072,image_processing-0-0.0.1,20.156749475928827,1177
1423,2023-08-28 19:37:42.072,pyaes-0-0.0.1,30.682387698483037,1177
1424,2023-08-28 19:37:44.077,cnn_image_classification-0-0.0.1,47.879515866344065,1177
1425,2023-08-28 19:37:44.077,dd-0-0.0.1,16.68832278659596,1177
1426,2023-08-28 19:37:44.077,image_processing-0-0.0.1,25.134586516254547,1177
1427,2023-08-28 19:37:44.077,pyaes-0-0.0.1,14.688842712729416,1177
1428,2023-08-28 19:37:45.081,cnn_image_classification-0-0.0.1,53.27612329447307,1177
1429,2023-08-28 19:37:45.081,dd-0-0.0.1,10.135843406006583,1177
1430,2023-08-28 19:37:45.081,image_processing-0-0.0.1,27.125598220902134,1177
1431,2023-08-28 19:37:45.081,pyaes-0-0.0.1,13.084647183938825,1177
1432,2023-08-28 19:37:46.084,cnn_image_classification-0-0.0.1,48.64823688237865,1177
1433,2023-08-28 19:37:46.084,dd-0-0.0.1,9.788263181248112,1177
1434,2023-08-28 19:37:46.084,image_processing-0-0.0.1,37.24645940712859,1177
1435,2023-08-28 19:37:46.084,pyaes-0-0.0.1,26.024175812255958,1177
1436,2023-08-28 19:37:47.088,cnn_image_classification-0-0.0.1,48.252079927643045,1177
1437,2023-08-28 19:37:47.088,dd-0-0.0.1,11.0224501254697,1177
1438,2023-08-28 19:37:47.088,image_processing-0-0.0.1,21.560058466519468,1177
1439,2023-08-28 19:37:47.088,pyaes-0-0.0.1,57.546731682486936,1177
1440,2023-08-28 19:37:48.091,cnn_image_classification-0-0.0.1,50.20758766172615,1177
1441,2023-08-28 19:37:48.091,dd-0-0.0.1,10.712036252374897,1177
1442,2023-08-28 19:37:48.091,image_processing-0-0.0.1,7.78011515781147,1177
1443,2023-08-28 19:37:48.091,pyaes-0-0.0.1,76.40987902447402,1177
1444,2023-08-28 19:37:51.101,cnn_image_classification-0-0.0.1,57.13023789252099,1177
1445,2023-08-28 19:37:51.101,dd-0-0.0.1,29.81696768696031,1177
1446,2023-08-28 19:37:51.101,image_processing-0-0.0.1,5.195951641436985,1177
1447,2023-08-28 19:37:51.101,pyaes-0-0.0.1,11.286226303901405,1177
1448,2023-08-28 19:37:52.104,cnn_image_classification-0-0.0.1,56.10212521396927,1177
1449,2023-08-28 19:37:52.104,dd-0-0.0.1,29.917301540171323,1177
1450,2023-08-28 19:37:52.104,image_processing-0-0.0.1,5.558881462605302,1177
1451,2023-08-28 19:37:52.104,pyaes-0-0.0.1,7.412892677768595,1177
1452,2023-08-28 19:37:53.107,cnn_image_classification-0-0.0.1,52.179117995524365,1177
1453,2023-08-28 19:37:53.107,dd-0-0.0.1,7.794278316894058,1177
1454,2023-08-28 19:37:53.107,image_processing-0-0.0.1,22.379626740534427,1177
1455,2023-08-28 19:37:53.107,pyaes-0-0.0.1,30.97328162903253,1177
1456,2023-08-28 19:37:54.110,cnn_image_classification-0-0.0.1,48.939616318283385,1177
1457,2023-08-28 19:37:54.110,dd-0-0.0.1,6.549237435205949,1177
1458,2023-08-28 19:37:54.110,image_processing-0-0.0.1,21.639439332477288,1177
1459,2023-08-28 19:37:54.110,pyaes-0-0.0.1,45.66723461339904,1177
1460,2023-08-28 19:37:55.114,cnn_image_classification-0-0.0.1,39.75043068025299,1177
1461,2023-08-28 19:37:55.114,dd-0-0.0.1,22.33761252416045,1177
1462,2023-08-28 19:37:55.114,image_processing-0-0.0.1,16.78320394435589,1177
1463,2023-08-28 19:37:55.114,pyaes-0-0.0.1,52.76631725125021,1177
1464,2023-08-28 19:37:56.117,cnn_image_classification-0-0.0.1,43.09593126615442,1177
1465,2023-08-28 19:37:56.117,dd-0-0.0.1,13.596174160818007,1177
1466,2023-08-28 19:37:56.117,image_processing-0-0.0.1,25.682630081811176,1177
1467,2023-08-28 19:37:56.117,pyaes-0-0.0.1,37.47833822910801,1177
1468,2023-08-28 19:37:57.120,cnn_image_classification-0-0.0.1,59.15067304579435,1177
1469,2023-08-28 19:37:57.120,dd-0-0.0.1,3.180159413940977,1177
1470,2023-08-28 19:37:57.120,image_processing-0-0.0.1,31.618629348644557,1177
1471,2023-08-28 19:37:57.120,pyaes-0-0.0.1,33.28534522958637,1177
1472,2023-08-28 19:37:58.123,cnn_image_classification-0-0.0.1,57.15672335015337,1177
1473,2023-08-28 19:37:58.123,dd-0-0.0.1,7.155958047343364,1177
1474,2023-08-28 19:37:58.123,image_processing-0-0.0.1,21.2500574532631,1177
1475,2023-08-28 19:37:58.123,pyaes-0-0.0.1,42.854241891544646,1177
1476,2023-08-28 19:38:02.137,cnn_image_classification-0-0.0.1,14.395620194081697,1178
1477,2023-08-28 19:38:02.137,dd-0-0.0.1,4.316681914259576,1178
1478,2023-08-28 19:38:02.137,image_processing-0-0.0.1,4.853470491644529,1178
1479,2023-08-28 19:38:02.137,pyaes-0-0.0.1,8.122001468236327,1178
1480,2023-08-28 19:38:03.141,cnn_image_classification-0-0.0.1,12.91304035758528,1178
1481,2023-08-28 19:38:03.141,dd-0-0.0.1,2.2838587331473414,1178
1482,2023-08-28 19:38:03.141,image_processing-0-0.0.1,12.59323085565336,1178
1483,2023-08-28 19:38:03.141,pyaes-0-0.0.1,13.8730578814367,1178
1484,2023-08-28 19:38:04.145,cnn_image_classification-0-0.0.1,12.709860072070818,1178
1485,2023-08-28 19:38:04.145,dd-0-0.0.1,4.909094539233621,1178
1486,2023-08-28 19:38:04.145,image_processing-0-0.0.1,15.051879622417715,1178
1487,2023-08-28 19:38:04.145,pyaes-0-0.0.1,19.924113580011934,1178
1488,2023-08-28 19:38:05.149,cnn_image_classification-0-0.0.1,17.93043317598257,1178
1489,2023-08-28 19:38:05.149,dd-0-0.0.1,8.87036528265195,1178
1490,2023-08-28 19:38:05.149,image_processing-0-0.0.1,25.19905157121725,1178
1491,2023-08-28 19:38:05.149,pyaes-0-0.0.1,12.516040833020874,1178
1492,2023-08-28 19:38:07.157,cnn_image_classification-0-0.0.1,17.901413765428153,1178
1493,2023-08-28 19:38:07.157,dd-0-0.0.1,0.0015885134855643983,1178
1494,2023-08-28 19:38:07.157,image_processing-0-0.0.1,17.740824810990304,1178
1495,2023-08-28 19:38:07.157,pyaes-0-0.0.1,8.217534621978,1178
1496,2023-08-28 19:38:08.160,cnn_image_classification-0-0.0.1,12.979283283722545,1178
1497,2023-08-28 19:38:08.160,dd-0-0.0.1,0.001558426858084778,1178
1498,2023-08-28 19:38:08.160,image_processing-0-0.0.1,13.24169296450915,1178
1499,2023-08-28 19:38:08.160,pyaes-0-0.0.1,22.418897044806748,1178
1500,2023-08-28 19:38:09.164,cnn_image_classification-0-0.0.1,14.58900275928631,1178
1501,2023-08-28 19:38:09.164,dd-0-0.0.1,4.538562456653496,1178
1502,2023-08-28 19:38:09.164,image_processing-0-0.0.1,17.363295304978344,1178
1503,2023-08-28 19:38:09.164,pyaes-0-0.0.1,28.742239731888333,1178
1504,2023-08-28 19:38:10.168,cnn_image_classification-0-0.0.1,22.51554942292052,1178
1505,2023-08-28 19:38:10.168,dd-0-0.0.1,10.37675430072993,1178
1506,2023-08-28 19:38:10.168,image_processing-0-0.0.1,23.016185874813107,1178
1507,2023-08-28 19:38:10.168,pyaes-0-0.0.1,24.90574048728545,1178
1508,2023-08-28 19:38:11.173,cnn_image_classification-0-0.0.1,21.968554422398604,1178
1509,2023-08-28 19:38:11.173,dd-0-0.0.1,2.3852708436445758,1178
1510,2023-08-28 19:38:11.173,image_processing-0-0.0.1,22.199334913490183,1178
1511,2023-08-28 19:38:11.173,pyaes-0-0.0.1,25.309521613797365,1178
1512,2023-08-28 19:38:12.176,cnn_image_classification-0-0.0.1,18.063323327993036,1178
1513,2023-08-28 19:38:12.176,dd-0-0.0.1,0.0015335374783535833,1178
1514,2023-08-28 19:38:12.176,image_processing-0-0.0.1,21.37320182242053,1178
1515,2023-08-28 19:38:12.176,pyaes-0-0.0.1,21.543676051170443,1178
1516,2023-08-28 19:38:13.180,cnn_image_classification-0-0.0.1,19.57573777031538,1178
1517,2023-08-28 19:38:13.180,dd-0-0.0.1,4.342543268945044,1178
1518,2023-08-28 19:38:13.180,image_processing-0-0.0.1,17.898757661537022,1178
1519,2023-08-28 19:38:13.180,pyaes-0-0.0.1,21.207267403155953,1178
1520,2023-08-28 19:38:15.188,cnn_image_classification-0-0.0.1,53.209057472912335,1178
1521,2023-08-28 19:38:15.188,dd-0-0.0.1,6.5430077763306365,1178
1522,2023-08-28 19:38:15.188,image_processing-0-0.0.1,28.369251072836292,1178
1523,2023-08-28 19:38:15.188,pyaes-0-0.0.1,11.102334756397463,1178
1524,2023-08-28 19:38:16.191,cnn_image_classification-0-0.0.1,61.74008875288021,1178
1525,2023-08-28 19:38:16.191,dd-0-0.0.1,5.787659402782673,1178
1526,2023-08-28 19:38:16.191,image_processing-0-0.0.1,48.494328244302594,1178
1527,2023-08-28 19:38:16.191,pyaes-0-0.0.1,0.0028680130389285878,1178
1528,2023-08-28 19:38:17.194,cnn_image_classification-0-0.0.1,74.459280700282,1178
1529,2023-08-28 19:38:17.194,dd-0-0.0.1,14.77102433843683,1178
1530,2023-08-28 19:38:17.194,image_processing-0-0.0.1,30.870443885669268,1178
1531,2023-08-28 19:38:17.194,pyaes-0-0.0.1,0.0030034993451278683,1178
1532,2023-08-28 19:38:18.198,cnn_image_classification-0-0.0.1,65.50182235575632,1178
1533,2023-08-28 19:38:18.198,dd-0-0.0.1,14.921352063315725,1178
1534,2023-08-28 19:38:18.198,image_processing-0-0.0.1,11.964176640094832,1178
1535,2023-08-28 19:38:18.198,pyaes-0-0.0.1,18.63836032979678,1178
1536,2023-08-28 19:38:19.202,cnn_image_classification-0-0.0.1,56.03150618603423,1178
1537,2023-08-28 19:38:19.202,dd-0-0.0.1,4.285707795168912,1178
1538,2023-08-28 19:38:19.202,image_processing-0-0.0.1,14.019140245267527,1178
1539,2023-08-28 19:38:19.202,pyaes-0-0.0.1,35.81029915275255,1178
1540,2023-08-28 19:38:21.211,cnn_image_classification-0-0.0.1,24.86996932861879,1178
1541,2023-08-28 19:38:21.211,dd-0-0.0.1,19.213811016632977,1178
1542,2023-08-28 19:38:21.211,image_processing-0-0.0.1,20.238515444390444,1178
1543,2023-08-28 19:38:21.211,pyaes-0-0.0.1,59.59882478788879,1178
1544,2023-08-28 19:38:22.214,cnn_image_classification-0-0.0.1,18.0466215106647,1178
1545,2023-08-28 19:38:22.214,dd-0-0.0.1,11.137147777918734,1178
1546,2023-08-28 19:38:22.214,image_processing-0-0.0.1,10.599165682138814,1178
1547,2023-08-28 19:38:22.214,pyaes-0-0.0.1,87.25091318186112,1178
1548,2023-08-28 19:38:23.219,cnn_image_classification-0-0.0.1,21.86304526949207,1178
1549,2023-08-28 19:38:23.219,dd-0-0.0.1,10.043794530968961,1178
1550,2023-08-28 19:38:23.219,image_processing-0-0.0.1,23.601714226506427,1178
1551,2023-08-28 19:38:23.219,pyaes-0-0.0.1,85.23871674611664,1178
1552,2023-08-28 19:38:25.227,cnn_image_classification-0-0.0.1,17.824137163314713,1178
1553,2023-08-28 19:38:25.227,dd-0-0.0.1,4.565546692691956,1178
1554,2023-08-28 19:38:25.227,image_processing-0-0.0.1,64.31359323474962,1178
1555,2023-08-28 19:38:25.227,pyaes-0-0.0.1,29.200247661914084,1178
1556,2023-08-28 19:38:27.233,cnn_image_classification-0-0.0.1,22.14182382817917,1178
1557,2023-08-28 19:38:27.233,dd-0-0.0.1,3.9506599516786265,1178
1558,2023-08-28 19:38:27.233,image_processing-0-0.0.1,44.794117036938786,1178
1559,2023-08-28 19:38:27.233,pyaes-0-0.0.1,16.22990364679339,1178
1560,2023-08-28 19:38:28.236,cnn_image_classification-0-0.0.1,15.79420357485962,1178
1561,2023-08-28 19:38:28.236,dd-0-0.0.1,20.88289743892583,1178
1562,2023-08-28 19:38:28.236,image_processing-0-0.0.1,19.57881402440472,1178
1563,2023-08-28 19:38:28.236,pyaes-0-0.0.1,21.08768176251614,1178
1564,2023-08-28 19:38:32.250,cnn_image_classification-0-0.0.1,15.499833610758985,1178
1565,2023-08-28 19:38:32.250,dd-0-0.0.1,9.853038536353509,1178
1566,2023-08-28 19:38:32.250,image_processing-0-0.0.1,12.658112057466532,1178
1567,2023-08-28 19:38:32.250,pyaes-0-0.0.1,18.041130092107963,1178
1568,2023-08-28 19:38:34.256,cnn_image_classification-0-0.0.1,19.702481725474865,1178
1569,2023-08-28 19:38:34.256,dd-0-0.0.1,2.219284120837618,1178
1570,2023-08-28 19:38:34.256,image_processing-0-0.0.1,18.535452717569086,1178
1571,2023-08-28 19:38:34.256,pyaes-0-0.0.1,34.848893812101835,1178
1572,2023-08-28 19:38:36.263,cnn_image_classification-0-0.0.1,32.980708149980906,1178
1573,2023-08-28 19:38:36.263,dd-0-0.0.1,10.301703024570184,1178
1574,2023-08-28 19:38:36.263,image_processing-0-0.0.1,4.8916054542363945,1178
1575,2023-08-28 19:38:36.263,pyaes-0-0.0.1,26.681824888490933,1178
1576,2023-08-28 19:38:37.266,cnn_image_classification-0-0.0.1,28.343197160826794,1178
1577,2023-08-28 19:38:37.266,dd-0-0.0.1,0.0013296586343316302,1178
1578,2023-08-28 19:38:37.266,image_processing-0-0.0.1,11.399752485022155,1178
1579,2023-08-28 19:38:37.266,pyaes-0-0.0.1,41.35463714774226,1178
1580,2023-08-28 19:38:38.269,cnn_image_classification-0-0.0.1,31.37176749197491,1178
1581,2023-08-28 19:38:38.269,dd-0-0.0.1,6.317907147494481,1178
1582,2023-08-28 19:38:38.269,image_processing-0-0.0.1,18.01562044257008,1178
1583,2023-08-28 19:38:38.269,pyaes-0-0.0.1,58.05364117420849,1178
1584,2023-08-28 19:38:40.275,cnn_image_classification-0-0.0.1,24.109626585680154,1178
1585,2023-08-28 19:38:40.275,dd-0-0.0.1,10.128431636129326,1178
1586,2023-08-28 19:38:40.275,image_processing-0-0.0.1,18.596155571279066,1178
1587,2023-08-28 19:38:40.275,pyaes-0-0.0.1,49.971744988302774,1178
1588,2023-08-28 19:38:42.282,cnn_image_classification-0-0.0.1,24.96312555320993,1178
1589,2023-08-28 19:38:42.282,dd-0-0.0.1,11.81329756525238,1178
1590,2023-08-28 19:38:42.282,image_processing-0-0.0.1,6.131355099345181,1178
1591,2023-08-28 19:38:42.282,pyaes-0-0.0.1,40.58619955934292,1178
1592,2023-08-28 19:38:43.285,cnn_image_classification-0-0.0.1,29.58287129899068,1178
1593,2023-08-28 19:38:43.285,dd-0-0.0.1,4.9986527110919,1178
1594,2023-08-28 19:38:43.285,image_processing-0-0.0.1,17.513945756421233,1178
1595,2023-08-28 19:38:43.285,pyaes-0-0.0.1,43.50636924522253,1178
1596,2023-08-28 19:38:44.288,cnn_image_classification-0-0.0.1,34.58356439365333,1178
1597,2023-08-28 19:38:44.288,dd-0-0.0.1,0.0012568155622730457,1178
1598,2023-08-28 19:38:44.288,image_processing-0-0.0.1,26.16083172410635,1178
1599,2023-08-28 19:38:44.288,pyaes-0-0.0.1,31.245819753754517,1178
1600,2023-08-28 19:38:49.306,cnn_image_classification-0-0.0.1,29.622638440530995,1178
1601,2023-08-28 19:38:49.306,dd-0-0.0.1,8.021220890703848,1178
1602,2023-08-28 19:38:49.306,image_processing-0-0.0.1,22.16670243038395,1178
1603,2023-08-28 19:38:49.306,pyaes-0-0.0.1,5.821691536383743,1178
1604,2023-08-28 19:38:50.309,cnn_image_classification-0-0.0.1,31.8773483619912,1178
1605,2023-08-28 19:38:50.309,dd-0-0.0.1,8.76093608297548,1178
1606,2023-08-28 19:38:50.309,image_processing-0-0.0.1,33.66056599872316,1178
1607,2023-08-28 19:38:50.309,pyaes-0-0.0.1,8.240833234602743,1178
1608,2023-08-28 19:38:51.313,cnn_image_classification-0-0.0.1,28.176676100529697,1178
1609,2023-08-28 19:38:51.313,dd-0-0.0.1,2.384679110025547,1178
1610,2023-08-28 19:38:51.313,image_processing-0-0.0.1,31.813919201672668,1178
1611,2023-08-28 19:38:51.313,pyaes-0-0.0.1,14.500245073179816,1178
1612,2023-08-28 19:38:52.316,cnn_image_classification-0-0.0.1,37.37039175129484,1178
1613,2023-08-28 19:38:52.316,dd-0-0.0.1,10.535413113146685,1178
1614,2023-08-28 19:38:52.316,image_processing-0-0.0.1,21.052926166647655,1178
1615,2023-08-28 19:38:52.316,pyaes-0-0.0.1,25.621189074419462,1178
1616,2023-08-28 19:38:53.320,cnn_image_classification-0-0.0.1,30.17787636598201,1178
1617,2023-08-28 19:38:53.320,dd-0-0.0.1,19.381015530278564,1178
1618,2023-08-28 19:38:53.320,image_processing-0-0.0.1,13.141716839705232,1178
1619,2023-08-28 19:38:53.320,pyaes-0-0.0.1,28.641889071590747,1178
1620,2023-08-28 19:38:54.323,cnn_image_classification-0-0.0.1,22.57654077540499,1178
1621,2023-08-28 19:38:54.323,dd-0-0.0.1,22.412762655163274,1178
1622,2023-08-28 19:38:54.323,image_processing-0-0.0.1,21.6747507522954,1178
1623,2023-08-28 19:38:54.323,pyaes-0-0.0.1,49.730170383372666,1178
1624,2023-08-28 19:38:58.336,cnn_image_classification-0-0.0.1,18.58847693274204,1178
1625,2023-08-28 19:38:58.336,dd-0-0.0.1,7.096752494296167,1178
1626,2023-08-28 19:38:58.336,image_processing-0-0.0.1,39.70900808765237,1178
1627,2023-08-28 19:38:58.336,pyaes-0-0.0.1,27.583669842372437,1178
1628,2023-08-28 19:38:59.340,cnn_image_classification-0-0.0.1,13.620516414820969,1178
1629,2023-08-28 19:38:59.340,dd-0-0.0.1,17.958562397126084,1178
1630,2023-08-28 19:38:59.340,image_processing-0-0.0.1,28.936689633501334,1178
1631,2023-08-28 19:38:59.340,pyaes-0-0.0.1,24.985166707801433,1178
1632,2023-08-28 19:39:03.354,cnn_image_classification-0-0.0.1,10.076711412873586,1179
1633,2023-08-28 19:39:03.354,dd-0-0.0.1,17.601423282311604,1179
1634,2023-08-28 19:39:03.354,image_processing-0-0.0.1,8.955053611839494,1179
1635,2023-08-28 19:39:03.354,pyaes-0-0.0.1,11.361081336046679,1179
1636,2023-08-28 19:39:04.357,cnn_image_classification-0-0.0.1,14.858005093184143,1179
1637,2023-08-28 19:39:04.357,dd-0-0.0.1,8.194431441766127,1179
1638,2023-08-28 19:39:04.357,image_processing-0-0.0.1,31.319145123426846,1179
1639,2023-08-28 19:39:04.357,pyaes-0-0.0.1,4.67241846782053,1179
1640,2023-08-28 19:39:07.368,cnn_image_classification-0-0.0.1,22.792166117049398,1179
1641,2023-08-28 19:39:07.368,dd-0-0.0.1,17.00118751172653,1179
1642,2023-08-28 19:39:07.368,image_processing-0-0.0.1,25.721214436467545,1179
1643,2023-08-28 19:39:07.368,pyaes-0-0.0.1,0.0019468610601694751,1179
1644,2023-08-28 19:39:08.372,cnn_image_classification-0-0.0.1,28.890692846455387,1179
1645,2023-08-28 19:39:08.372,dd-0-0.0.1,31.588961187601413,1179
1646,2023-08-28 19:39:08.372,image_processing-0-0.0.1,8.877129048744363,1179
1647,2023-08-28 19:39:08.372,pyaes-0-0.0.1,10.79260937111951,1179
1648,2023-08-28 19:39:09.375,cnn_image_classification-0-0.0.1,28.6646008271288,1179
1649,2023-08-28 19:39:09.375,dd-0-0.0.1,23.5893479857093,1179
1650,2023-08-28 19:39:09.375,image_processing-0-0.0.1,6.2965715046848,1179
1651,2023-08-28 19:39:09.375,pyaes-0-0.0.1,24.267127527618673,1179
1652,2023-08-28 19:39:10.379,cnn_image_classification-0-0.0.1,30.916944825845196,1179
1653,2023-08-28 19:39:10.379,dd-0-0.0.1,34.07059544820379,1179
1654,2023-08-28 19:39:10.379,image_processing-0-0.0.1,12.044039000595342,1179
1655,2023-08-28 19:39:10.379,pyaes-0-0.0.1,47.0984458467373,1179
1656,2023-08-28 19:39:12.387,cnn_image_classification-0-0.0.1,28.14050683280569,1179
1657,2023-08-28 19:39:12.387,dd-0-0.0.1,20.4352049278018,1179
1658,2023-08-28 19:39:12.387,image_processing-0-0.0.1,2.853735977117762,1179
1659,2023-08-28 19:39:12.387,pyaes-0-0.0.1,34.9730086012949,1179
1660,2023-08-28 19:39:13.391,cnn_image_classification-0-0.0.1,20.626939118114393,1179
1661,2023-08-28 19:39:13.391,dd-0-0.0.1,21.61966801261009,1179
1662,2023-08-28 19:39:13.391,image_processing-0-0.0.1,10.137049002141897,1179
1663,2023-08-28 19:39:13.391,pyaes-0-0.0.1,33.73179230872719,1179
1664,2023-08-28 19:39:14.394,cnn_image_classification-0-0.0.1,26.354743199850255,1179
1665,2023-08-28 19:39:14.394,dd-0-0.0.1,12.749817923816757,1179
1666,2023-08-28 19:39:14.394,image_processing-0-0.0.1,23.211225219514958,1179
1667,2023-08-28 19:39:14.394,pyaes-0-0.0.1,45.12037934126584,1179
1668,2023-08-28 19:39:15.398,cnn_image_classification-0-0.0.1,32.63126471379296,1179
1669,2023-08-28 19:39:15.398,dd-0-0.0.1,7.475943335495175,1179
1670,2023-08-28 19:39:15.398,image_processing-0-0.0.1,26.254396380648593,1179
1671,2023-08-28 19:39:15.398,pyaes-0-0.0.1,36.50280901279884,1179
1672,2023-08-28 19:39:16.402,cnn_image_classification-0-0.0.1,29.55353017756896,1179
1673,2023-08-28 19:39:16.402,dd-0-0.0.1,22.67002701469267,1179
1674,2023-08-28 19:39:16.402,image_processing-0-0.0.1,23.314769664764643,1179
1675,2023-08-28 19:39:16.402,pyaes-0-0.0.1,19.32545308477016,1179
1676,2023-08-28 19:39:17.406,cnn_image_classification-0-0.0.1,24.137187293745953,1179
1677,2023-08-28 19:39:17.406,dd-0-0.0.1,16.281390552110413,1179
1678,2023-08-28 19:39:17.406,image_processing-0-0.0.1,29.460249845224755,1179
1679,2023-08-28 19:39:17.406,pyaes-0-0.0.1,17.950341622420364,1179
1680,2023-08-28 19:39:18.411,cnn_image_classification-0-0.0.1,19.663504555630528,1179
1681,2023-08-28 19:39:18.411,dd-0-0.0.1,2.7642890691914523,1179
1682,2023-08-28 19:39:18.411,image_processing-0-0.0.1,21.280861952722347,1179
1683,2023-08-28 19:39:18.411,pyaes-0-0.0.1,54.28443838489613,1179
1684,2023-08-28 19:39:19.414,cnn_image_classification-0-0.0.1,23.655397798191075,1179
1685,2023-08-28 19:39:19.414,dd-0-0.0.1,6.114052773423474,1179
1686,2023-08-28 19:39:19.414,image_processing-0-0.0.1,9.859447757457673,1179
1687,2023-08-28 19:39:19.414,pyaes-0-0.0.1,67.93509321069638,1179
1688,2023-08-28 19:39:20.419,cnn_image_classification-0-0.0.1,27.254598861664977,1179
1689,2023-08-28 19:39:20.419,dd-0-0.0.1,10.652905173300299,1179
1690,2023-08-28 19:39:20.419,image_processing-0-0.0.1,21.520903591328473,1179
1691,2023-08-28 19:39:20.419,pyaes-0-0.0.1,60.669382117151315,1179
1692,2023-08-28 19:39:21.423,cnn_image_classification-0-0.0.1,29.680157052389127,1179
1693,2023-08-28 19:39:21.423,dd-0-0.0.1,15.506029521684336,1179
1694,2023-08-28 19:39:21.423,image_processing-0-0.0.1,28.99856738297038,1179
1695,2023-08-28 19:39:21.423,pyaes-0-0.0.1,50.156401933994545,1179
1696,2023-08-28 19:39:22.428,cnn_image_classification-0-0.0.1,35.93061727379758,1179
1697,2023-08-28 19:39:22.428,dd-0-0.0.1,5.823361840596758,1179
1698,2023-08-28 19:39:22.428,image_processing-0-0.0.1,20.46013417670909,1179
1699,2023-08-28 19:39:22.428,pyaes-0-0.0.1,49.01091925025425,1179
1700,2023-08-28 19:39:23.432,cnn_image_classification-0-0.0.1,38.87980262199609,1179
1701,2023-08-28 19:39:23.432,dd-0-0.0.1,4.24157722849045,1179
1702,2023-08-28 19:39:23.432,image_processing-0-0.0.1,14.985976799373418,1179
1703,2023-08-28 19:39:23.432,pyaes-0-0.0.1,37.51235735802946,1179
1704,2023-08-28 19:39:24.436,cnn_image_classification-0-0.0.1,30.78544952981251,1179
1705,2023-08-28 19:39:24.436,dd-0-0.0.1,16.02282775580227,1179
1706,2023-08-28 19:39:24.436,image_processing-0-0.0.1,12.40157572748449,1179
1707,2023-08-28 19:39:24.436,pyaes-0-0.0.1,41.19865749607376,1179
1708,2023-08-28 19:39:25.441,cnn_image_classification-0-0.0.1,35.6793688685742,1179
1709,2023-08-28 19:39:25.441,dd-0-0.0.1,19.994897617487737,1179
1710,2023-08-28 19:39:25.441,image_processing-0-0.0.1,13.589164577210303,1179
1711,2023-08-28 19:39:25.441,pyaes-0-0.0.1,50.35365126276028,1179
1712,2023-08-28 19:39:26.445,cnn_image_classification-0-0.0.1,37.184979618220154,1179
1713,2023-08-28 19:39:26.445,dd-0-0.0.1,16.55744645525859,1179
1714,2023-08-28 19:39:26.445,image_processing-0-0.0.1,12.448544439116736,1179
1715,2023-08-28 19:39:26.445,pyaes-0-0.0.1,50.635312453464735,1179
1716,2023-08-28 19:39:27.449,cnn_image_classification-0-0.0.1,33.4343203525763,1179
1717,2023-08-28 19:39:27.449,dd-0-0.0.1,24.692224832278235,1179
1718,2023-08-28 19:39:27.449,image_processing-0-0.0.1,18.17207202351271,1179
1719,2023-08-28 19:39:27.449,pyaes-0-0.0.1,54.58361845589654,1179
1720,2023-08-28 19:39:28.454,cnn_image_classification-0-0.0.1,19.873806142417912,1179
1721,2023-08-28 19:39:28.454,dd-0-0.0.1,23.746447621717202,1179
1722,2023-08-28 19:39:28.454,image_processing-0-0.0.1,11.77879149334054,1179
1723,2023-08-28 19:39:28.454,pyaes-0-0.0.1,66.04569996313953,1179
1724,2023-08-28 19:39:29.458,cnn_image_classification-0-0.0.1,25.369465463604495,1179
1725,2023-08-28 19:39:29.458,dd-0-0.0.1,13.18508468565755,1179
1726,2023-08-28 19:39:29.458,image_processing-0-0.0.1,15.482881515014668,1179
1727,2023-08-28 19:39:29.458,pyaes-0-0.0.1,49.9871670092714,1179
1728,2023-08-28 19:39:30.462,cnn_image_classification-0-0.0.1,25.963903264999452,1179
1729,2023-08-28 19:39:30.462,dd-0-0.0.1,9.521166589194628,1179
1730,2023-08-28 19:39:30.462,image_processing-0-0.0.1,23.64068917436897,1179
1731,2023-08-28 19:39:30.462,pyaes-0-0.0.1,38.4892137222451,1179
1732,2023-08-28 19:39:34.476,cnn_image_classification-0-0.0.1,21.269027588170246,1179
1733,2023-08-28 19:39:34.476,dd-0-0.0.1,11.419849103944921,1179
1734,2023-08-28 19:39:34.476,image_processing-0-0.0.1,21.69112611512219,1179
1735,2023-08-28 19:39:34.476,pyaes-0-0.0.1,20.068703929131196,1179
1736,2023-08-28 19:39:35.479,cnn_image_classification-0-0.0.1,6.232915447112912,1179
1737,2023-08-28 19:39:35.479,dd-0-0.0.1,17.282975354766123,1179
1738,2023-08-28 19:39:35.479,image_processing-0-0.0.1,28.91326307636367,1179
1739,2023-08-28 19:39:35.479,pyaes-0-0.0.1,32.747354721200395,1179
1740,2023-08-28 19:39:36.482,cnn_image_classification-0-0.0.1,9.257030913389498,1179
1741,2023-08-28 19:39:36.482,dd-0-0.0.1,0.001162469714515074,1179
1742,2023-08-28 19:39:36.482,image_processing-0-0.0.1,41.82222456988623,1179
1743,2023-08-28 19:39:36.482,pyaes-0-0.0.1,44.56114327028673,1179
1744,2023-08-28 19:39:37.486,cnn_image_classification-0-0.0.1,9.370680816547491,1179
1745,2023-08-28 19:39:37.486,dd-0-0.0.1,5.1413087571597265,1179
1746,2023-08-28 19:39:37.486,image_processing-0-0.0.1,36.28606967830788,1179
1747,2023-08-28 19:39:37.486,pyaes-0-0.0.1,48.45533701704001,1179
1748,2023-08-28 19:39:38.489,cnn_image_classification-0-0.0.1,14.310611188647087,1179
1749,2023-08-28 19:39:38.489,dd-0-0.0.1,17.911258202648447,1179
1750,2023-08-28 19:39:38.489,image_processing-0-0.0.1,28.385525709015027,1179
1751,2023-08-28 19:39:38.489,pyaes-0-0.0.1,40.42027180987556,1179
1752,2023-08-28 19:39:39.492,cnn_image_classification-0-0.0.1,20.836601645450777,1179
1753,2023-08-28 19:39:39.492,dd-0-0.0.1,11.89522228842735,1179
1754,2023-08-28 19:39:39.492,image_processing-0-0.0.1,42.20085865859555,1179
1755,2023-08-28 19:39:39.492,pyaes-0-0.0.1,49.216810602615844,1179
1756,2023-08-28 19:39:40.495,cnn_image_classification-0-0.0.1,22.776677074518346,1179
1757,2023-08-28 19:39:40.495,dd-0-0.0.1,2.76394068253963,1179
1758,2023-08-28 19:39:40.495,image_processing-0-0.0.1,32.96170317994266,1179
1759,2023-08-28 19:39:40.495,pyaes-0-0.0.1,67.60085737005176,1179
1760,2023-08-28 19:39:41.498,cnn_image_classification-0-0.0.1,31.779392737676446,1179
1761,2023-08-28 19:39:41.498,dd-0-0.0.1,8.089301533753456,1179
1762,2023-08-28 19:39:41.498,image_processing-0-0.0.1,25.31286967951507,1179
1763,2023-08-28 19:39:41.498,pyaes-0-0.0.1,66.31472132670166,1179
1764,2023-08-28 19:39:43.505,cnn_image_classification-0-0.0.1,41.92414894479626,1179
1765,2023-08-28 19:39:43.505,dd-0-0.0.1,8.247397615111993,1179
1766,2023-08-28 19:39:43.505,image_processing-0-0.0.1,12.179448935082714,1179
1767,2023-08-28 19:39:43.505,pyaes-0-0.0.1,51.47735096412641,1179
1768,2023-08-28 19:39:44.508,cnn_image_classification-0-0.0.1,41.30343431484256,1179
1769,2023-08-28 19:39:44.508,dd-0-0.0.1,9.120271364535764,1179
1770,2023-08-28 19:39:44.508,image_processing-0-0.0.1,12.089923972822477,1179
1771,2023-08-28 19:39:44.508,pyaes-0-0.0.1,61.31573718380633,1179
1772,2023-08-28 19:39:45.512,cnn_image_classification-0-0.0.1,47.939167193596965,1179
1773,2023-08-28 19:39:45.512,dd-0-0.0.1,15.196809921649216,1179
1774,2023-08-28 19:39:45.512,image_processing-0-0.0.1,20.358735810310797,1179
1775,2023-08-28 19:39:45.512,pyaes-0-0.0.1,46.992122178626005,1179
1776,2023-08-28 19:39:46.516,cnn_image_classification-0-0.0.1,47.2840204123147,1179
1777,2023-08-28 19:39:46.516,dd-0-0.0.1,11.716618110736917,1179
1778,2023-08-28 19:39:46.516,image_processing-0-0.0.1,30.04405562283248,1179
1779,2023-08-28 19:39:46.516,pyaes-0-0.0.1,41.610366215685325,1179
1780,2023-08-28 19:39:47.519,cnn_image_classification-0-0.0.1,34.0900816871699,1179
1781,2023-08-28 19:39:47.519,dd-0-0.0.1,7.706248123143391,1179
1782,2023-08-28 19:39:47.519,image_processing-0-0.0.1,62.220653956093564,1179
1783,2023-08-28 19:39:47.519,pyaes-0-0.0.1,38.65952490415503,1179
1784,2023-08-28 19:39:49.526,cnn_image_classification-0-0.0.1,31.88562360453846,1179
1785,2023-08-28 19:39:49.526,dd-0-0.0.1,8.274046503575107,1179
1786,2023-08-28 19:39:49.526,image_processing-0-0.0.1,44.0639483338387,1179
1787,2023-08-28 19:39:49.526,pyaes-0-0.0.1,31.508210008781077,1179
1788,2023-08-28 19:39:50.529,cnn_image_classification-0-0.0.1,24.230043161782703,1179
1789,2023-08-28 19:39:50.529,dd-0-0.0.1,14.741843398949337,1179
1790,2023-08-28 19:39:50.529,image_processing-0-0.0.1,30.555677993776534,1179
1791,2023-08-28 19:39:50.529,pyaes-0-0.0.1,35.03014551632985,1179
1792,2023-08-28 19:39:52.536,cnn_image_classification-0-0.0.1,10.88863643900593,1179
1793,2023-08-28 19:39:52.536,dd-0-0.0.1,3.2002242472078546,1179
1794,2023-08-28 19:39:52.536,image_processing-0-0.0.1,7.04969957360456,1179
1795,2023-08-28 19:39:52.536,pyaes-0-0.0.1,24.508407889550796,1179
1796,2023-08-28 19:39:53.539,cnn_image_classification-0-0.0.1,12.455730915364295,1179
1797,2023-08-28 19:39:53.539,dd-0-0.0.1,14.505790598687412,1179
1798,2023-08-28 19:39:53.539,image_processing-0-0.0.1,12.764806862272659,1179
1799,2023-08-28 19:39:53.539,pyaes-0-0.0.1,25.353900238367146,1179
1800,2023-08-28 19:39:54.542,cnn_image_classification-0-0.0.1,13.205378125482095,1179
1801,2023-08-28 19:39:54.542,dd-0-0.0.1,16.42522726845786,1179
1802,2023-08-28 19:39:54.542,image_processing-0-0.0.1,12.405469922961936,1179
1803,2023-08-28 19:39:54.542,pyaes-0-0.0.1,32.9697904216765,1179
1804,2023-08-28 19:39:56.549,cnn_image_classification-0-0.0.1,12.44858953289082,1179
1805,2023-08-28 19:39:56.549,dd-0-0.0.1,11.715288567948052,1179
1806,2023-08-28 19:39:56.549,image_processing-0-0.0.1,25.68092434350215,1179
1807,2023-08-28 19:39:56.549,pyaes-0-0.0.1,45.312882838069555,1179
1808,2023-08-28 19:39:57.553,cnn_image_classification-0-0.0.1,15.46361896633667,1179
1809,2023-08-28 19:39:57.553,dd-0-0.0.1,13.363272536850458,1179
1810,2023-08-28 19:39:57.553,image_processing-0-0.0.1,42.56630814426997,1179
1811,2023-08-28 19:39:57.553,pyaes-0-0.0.1,26.938433947694968,1179
1812,2023-08-28 19:39:58.556,cnn_image_classification-0-0.0.1,15.754206551265604,1179
1813,2023-08-28 19:39:58.556,dd-0-0.0.1,6.065758718071431,1179
1814,2023-08-28 19:39:58.556,image_processing-0-0.0.1,43.05198798761192,1179
1815,2023-08-28 19:39:58.556,pyaes-0-0.0.1,48.07421899538158,1179
1816,2023-08-28 19:39:59.560,cnn_image_classification-0-0.0.1,13.47655249495397,1179
1817,2023-08-28 19:39:59.560,dd-0-0.0.1,6.924799240845849,1179
1818,2023-08-28 19:39:59.560,image_processing-0-0.0.1,52.3223016584042,1179
1819,2023-08-28 19:39:59.560,pyaes-0-0.0.1,65.57719674823511,1179
1820,2023-08-28 19:40:04.577,cnn_image_classification-0-0.0.1,10.88875091372963,1180
1821,2023-08-28 19:40:04.577,dd-0-0.0.1,10.691767899751177,1180
1822,2023-08-28 19:40:04.577,image_processing-0-0.0.1,28.64169262096805,1180
1823,2023-08-28 19:40:04.577,pyaes-0-0.0.1,22.781091254152347,1180
1824,2023-08-28 19:40:06.584,cnn_image_classification-0-0.0.1,20.341825710630054,1180
1825,2023-08-28 19:40:06.584,dd-0-0.0.1,10.310351700963764,1180
1826,2023-08-28 19:40:06.584,image_processing-0-0.0.1,9.371211536602578,1180
1827,2023-08-28 19:40:06.584,pyaes-0-0.0.1,45.31314910068861,1180
1828,2023-08-28 19:40:07.588,cnn_image_classification-0-0.0.1,20.57660577888327,1180
1829,2023-08-28 19:40:07.588,dd-0-0.0.1,18.485254265846187,1180
1830,2023-08-28 19:40:07.588,image_processing-0-0.0.1,5.0335330273114005,1180
1831,2023-08-28 19:40:07.588,pyaes-0-0.0.1,43.384256725161904,1180
1832,2023-08-28 19:40:08.591,cnn_image_classification-0-0.0.1,25.365100568119978,1180
1833,2023-08-28 19:40:08.591,dd-0-0.0.1,21.768250834685517,1180
1834,2023-08-28 19:40:08.591,image_processing-0-0.0.1,18.51596855400902,1180
1835,2023-08-28 19:40:08.591,pyaes-0-0.0.1,36.64086832876559,1180
1836,2023-08-28 19:40:09.596,cnn_image_classification-0-0.0.1,24.308048427899262,1180
1837,2023-08-28 19:40:09.596,dd-0-0.0.1,18.706021455508353,1180
1838,2023-08-28 19:40:09.596,image_processing-0-0.0.1,31.005579221586313,1180
1839,2023-08-28 19:40:09.596,pyaes-0-0.0.1,19.330435361786662,1180
1840,2023-08-28 19:40:10.598,cnn_image_classification-0-0.0.1,20.27562781070352,1180
1841,2023-08-28 19:40:10.598,dd-0-0.0.1,12.275968639671518,1180
1842,2023-08-28 19:40:10.598,image_processing-0-0.0.1,39.328269540965266,1180
1843,2023-08-28 19:40:10.598,pyaes-0-0.0.1,14.677491878088684,1180
1844,2023-08-28 19:40:11.602,cnn_image_classification-0-0.0.1,14.354533944451845,1180
1845,2023-08-28 19:40:11.602,dd-0-0.0.1,11.99366042687777,1180
1846,2023-08-28 19:40:11.602,image_processing-0-0.0.1,48.98918898561842,1180
1847,2023-08-28 19:40:11.602,pyaes-0-0.0.1,12.772431806097474,1180
1848,2023-08-28 19:40:13.607,cnn_image_classification-0-0.0.1,22.309543412137444,1180
1849,2023-08-28 19:40:13.607,dd-0-0.0.1,8.223942626999184,1180
1850,2023-08-28 19:40:13.607,image_processing-0-0.0.1,36.63514135771791,1180
1851,2023-08-28 19:40:13.607,pyaes-0-0.0.1,27.600395739518316,1180
1852,2023-08-28 19:40:14.612,cnn_image_classification-0-0.0.1,26.18776820114497,1180
1853,2023-08-28 19:40:14.612,dd-0-0.0.1,13.444458713478058,1180
1854,2023-08-28 19:40:14.612,image_processing-0-0.0.1,20.173735595631033,1180
1855,2023-08-28 19:40:14.612,pyaes-0-0.0.1,43.28706293168134,1180
1856,2023-08-28 19:40:15.615,cnn_image_classification-0-0.0.1,48.29317900020537,1180
1857,2023-08-28 19:40:15.615,dd-0-0.0.1,24.275059804191287,1180
1858,2023-08-28 19:40:15.615,image_processing-0-0.0.1,16.389586815567796,1180
1859,2023-08-28 19:40:15.615,pyaes-0-0.0.1,52.6310168117477,1180
1860,2023-08-28 19:40:16.618,cnn_image_classification-0-0.0.1,59.522034322613194,1180
1861,2023-08-28 19:40:16.618,dd-0-0.0.1,19.797718666400538,1180
1862,2023-08-28 19:40:16.618,image_processing-0-0.0.1,14.883072296614511,1180
1863,2023-08-28 19:40:16.618,pyaes-0-0.0.1,44.031316093598235,1180
1864,2023-08-28 19:40:17.622,cnn_image_classification-0-0.0.1,62.12390760055251,1180
1865,2023-08-28 19:40:17.622,dd-0-0.0.1,11.166239867832275,1180
1866,2023-08-28 19:40:17.622,image_processing-0-0.0.1,23.292703487798377,1180
1867,2023-08-28 19:40:17.622,pyaes-0-0.0.1,44.97232392507952,1180
1868,2023-08-28 19:40:18.628,cnn_image_classification-0-0.0.1,60.777070086981944,1180
1869,2023-08-28 19:40:18.628,dd-0-0.0.1,6.810943750114185,1180
1870,2023-08-28 19:40:18.628,image_processing-0-0.0.1,23.34693826115308,1180
1871,2023-08-28 19:40:18.628,pyaes-0-0.0.1,50.83914888042307,1180
1872,2023-08-28 19:40:19.632,cnn_image_classification-0-0.0.1,56.61808548483036,1180
1873,2023-08-28 19:40:19.632,dd-0-0.0.1,11.298061400095651,1180
1874,2023-08-28 19:40:19.632,image_processing-0-0.0.1,35.28373339966246,1180
1875,2023-08-28 19:40:19.632,pyaes-0-0.0.1,35.857741497530355,1180
1876,2023-08-28 19:40:20.636,cnn_image_classification-0-0.0.1,65.16280623654738,1180
1877,2023-08-28 19:40:20.636,dd-0-0.0.1,17.769679481016404,1180
1878,2023-08-28 19:40:20.636,image_processing-0-0.0.1,38.242423725174795,1180
1879,2023-08-28 19:40:20.636,pyaes-0-0.0.1,31.142652977218322,1180
1880,2023-08-28 19:40:23.646,cnn_image_classification-0-0.0.1,39.54534082205492,1180
1881,2023-08-28 19:40:23.646,dd-0-0.0.1,12.850488362568445,1180
1882,2023-08-28 19:40:23.646,image_processing-0-0.0.1,6.470321463867537,1180
1883,2023-08-28 19:40:23.646,pyaes-0-0.0.1,65.43751032761128,1180
1884,2023-08-28 19:40:24.649,cnn_image_classification-0-0.0.1,28.357582663061365,1180
1885,2023-08-28 19:40:24.649,dd-0-0.0.1,19.576076743616742,1180
1886,2023-08-28 19:40:24.649,image_processing-0-0.0.1,10.896945172928296,1180
1887,2023-08-28 19:40:24.649,pyaes-0-0.0.1,57.004460891014816,1180
1888,2023-08-28 19:40:25.652,cnn_image_classification-0-0.0.1,28.634990756464262,1180
1889,2023-08-28 19:40:25.652,dd-0-0.0.1,25.496010865018757,1180
1890,2023-08-28 19:40:25.652,image_processing-0-0.0.1,26.45998373022441,1180
1891,2023-08-28 19:40:25.652,pyaes-0-0.0.1,36.38247798535827,1180
1892,2023-08-28 19:40:26.655,cnn_image_classification-0-0.0.1,26.82149420481491,1180
1893,2023-08-28 19:40:26.655,dd-0-0.0.1,26.42091344198751,1180
1894,2023-08-28 19:40:26.655,image_processing-0-0.0.1,36.700429550591835,1180
1895,2023-08-28 19:40:26.655,pyaes-0-0.0.1,30.38220167766505,1180
1896,2023-08-28 19:40:28.663,cnn_image_classification-0-0.0.1,16.81352473947641,1180
1897,2023-08-28 19:40:28.663,dd-0-0.0.1,0.17130869009512545,1180
1898,2023-08-28 19:40:28.663,image_processing-0-0.0.1,10.015616485838478,1180
1899,2023-08-28 19:40:28.663,pyaes-0-0.0.1,50.4595290847376,1180
1900,2023-08-28 19:40:29.667,cnn_image_classification-0-0.0.1,15.467184968878858,1180
1901,2023-08-28 19:40:29.667,dd-0-0.0.1,0.0001307448701309354,1180
1902,2023-08-28 19:40:29.667,image_processing-0-0.0.1,6.913706536618178,1180
1903,2023-08-28 19:40:29.667,pyaes-0-0.0.1,55.159660833246846,1180
1904,2023-08-28 19:40:30.671,cnn_image_classification-0-0.0.1,8.745884898347667,1180
1905,2023-08-28 19:40:30.671,dd-0-0.0.1,7.010323646749772,1180
1906,2023-08-28 19:40:30.671,image_processing-0-0.0.1,25.210957544655017,1180
1907,2023-08-28 19:40:30.671,pyaes-0-0.0.1,44.818080825028645,1180
1908,2023-08-28 19:40:33.682,cnn_image_classification-0-0.0.1,9.11978988832351,1180
1909,2023-08-28 19:40:33.682,dd-0-0.0.1,7.948655149938762,1180
1910,2023-08-28 19:40:33.682,image_processing-0-0.0.1,35.46300118591497,1180
1911,2023-08-28 19:40:33.682,pyaes-0-0.0.1,10.738737322210357,1180
1912,2023-08-28 19:40:34.685,cnn_image_classification-0-0.0.1,22.557311845121166,1180
1913,2023-08-28 19:40:34.685,dd-0-0.0.1,14.59434232641857,1180
1914,2023-08-28 19:40:34.685,image_processing-0-0.0.1,29.101970268049023,1180
1915,2023-08-28 19:40:34.685,pyaes-0-0.0.1,15.33291069182475,1180
1916,2023-08-28 19:40:36.692,cnn_image_classification-0-0.0.1,30.912598106796338,1180
1917,2023-08-28 19:40:36.692,dd-0-0.0.1,14.340098354907006,1180
1918,2023-08-28 19:40:36.692,image_processing-0-0.0.1,6.422153210301362,1180
1919,2023-08-28 19:40:36.692,pyaes-0-0.0.1,27.17426050637076,1180
1920,2023-08-28 19:40:37.696,cnn_image_classification-0-0.0.1,27.410654110751217,1180
1921,2023-08-28 19:40:37.696,dd-0-0.0.1,39.14676505785244,1180
1922,2023-08-28 19:40:37.696,image_processing-0-0.0.1,7.162768969635602,1180
1923,2023-08-28 19:40:37.696,pyaes-0-0.0.1,28.82075860147765,1180
1924,2023-08-28 19:40:39.704,cnn_image_classification-0-0.0.1,30.53161567539228,1180
1925,2023-08-28 19:40:39.704,dd-0-0.0.1,6.530173121369636,1180
1926,2023-08-28 19:40:39.704,image_processing-0-0.0.1,14.785057010911732,1180
1927,2023-08-28 19:40:39.704,pyaes-0-0.0.1,29.28245321150672,1180
1928,2023-08-28 19:40:40.708,cnn_image_classification-0-0.0.1,27.91461571097492,1180
1929,2023-08-28 19:40:40.708,dd-0-0.0.1,14.043736096170429,1180
1930,2023-08-28 19:40:40.708,image_processing-0-0.0.1,10.174252667196463,1180
1931,2023-08-28 19:40:40.708,pyaes-0-0.0.1,47.87101550217291,1180
1932,2023-08-28 19:40:41.712,cnn_image_classification-0-0.0.1,14.570383748957886,1180
1933,2023-08-28 19:40:41.712,dd-0-0.0.1,12.909955573258667,1180
1934,2023-08-28 19:40:41.712,image_processing-0-0.0.1,22.045205505096547,1180
1935,2023-08-28 19:40:41.712,pyaes-0-0.0.1,60.50026906249877,1180
1936,2023-08-28 19:40:42.715,cnn_image_classification-0-0.0.1,24.09793568927343,1180
1937,2023-08-28 19:40:42.715,dd-0-0.0.1,16.75014134146156,1180
1938,2023-08-28 19:40:42.715,image_processing-0-0.0.1,28.7863527107285,1180
1939,2023-08-28 19:40:42.715,pyaes-0-0.0.1,57.7960399733909,1180
1940,2023-08-28 19:40:43.719,cnn_image_classification-0-0.0.1,25.606309411517035,1180
1941,2023-08-28 19:40:43.719,dd-0-0.0.1,18.601642742208714,1180
1942,2023-08-28 19:40:43.719,image_processing-0-0.0.1,47.03789980234282,1180
1943,2023-08-28 19:40:43.719,pyaes-0-0.0.1,35.53918492927174,1180
1944,2023-08-28 19:40:46.732,cnn_image_classification-0-0.0.1,29.586008161550374,1180
1945,2023-08-28 19:40:46.732,dd-0-0.0.1,14.030152804675149,1180
1946,2023-08-28 19:40:46.732,image_processing-0-0.0.1,26.83044549225483,1180
1947,2023-08-28 19:40:46.732,pyaes-0-0.0.1,18.42901235791242,1180
1948,2023-08-28 19:40:47.736,cnn_image_classification-0-0.0.1,35.51697307799985,1180
1949,2023-08-28 19:40:47.736,dd-0-0.0.1,20.11872582362862,1180
1950,2023-08-28 19:40:47.736,image_processing-0-0.0.1,37.91110173541013,1180
1951,2023-08-28 19:40:47.736,pyaes-0-0.0.1,9.437325393674376,1180
1952,2023-08-28 19:40:49.744,cnn_image_classification-0-0.0.1,25.51831007667411,1180
1953,2023-08-28 19:40:49.744,dd-0-0.0.1,12.754024300582081,1180
1954,2023-08-28 19:40:49.744,image_processing-0-0.0.1,33.679157054726474,1180
1955,2023-08-28 19:40:49.744,pyaes-0-0.0.1,13.932132143257139,1180
1956,2023-08-28 19:40:50.748,cnn_image_classification-0-0.0.1,25.20304926376572,1180
1957,2023-08-28 19:40:50.748,dd-0-0.0.1,6.248765807421141,1180
1958,2023-08-28 19:40:50.748,image_processing-0-0.0.1,20.61676384685912,1180
1959,2023-08-28 19:40:50.748,pyaes-0-0.0.1,34.255028162498505,1180
1960,2023-08-28 19:40:51.751,cnn_image_classification-0-0.0.1,29.534452353118418,1180
1961,2023-08-28 19:40:51.751,dd-0-0.0.1,-0.00020765963634990223,1180
1962,2023-08-28 19:40:51.751,image_processing-0-0.0.1,43.983551277999666,1180
1963,2023-08-28 19:40:51.751,pyaes-0-0.0.1,39.09259974085324,1180
1964,2023-08-28 19:40:52.757,cnn_image_classification-0-0.0.1,17.784869309249252,1180
1965,2023-08-28 19:40:52.757,dd-0-0.0.1,6.056763287434603,1180
1966,2023-08-28 19:40:52.757,image_processing-0-0.0.1,56.99798954280583,1180
1967,2023-08-28 19:40:52.757,pyaes-0-0.0.1,26.605884147294592,1180
1968,2023-08-28 19:40:55.767,cnn_image_classification-0-0.0.1,3.9740100923511985,1180
1969,2023-08-28 19:40:55.767,dd-0-0.0.1,21.91847166445072,1180
1970,2023-08-28 19:40:55.767,image_processing-0-0.0.1,12.27572713590616,1180
1971,2023-08-28 19:40:55.767,pyaes-0-0.0.1,22.101361404674805,1180
1972,2023-08-28 19:40:57.776,cnn_image_classification-0-0.0.1,0.5269318487714394,1180
1973,2023-08-28 19:40:57.776,dd-0-0.0.1,16.050183539792915,1180
1974,2023-08-28 19:40:57.776,image_processing-0-0.0.1,7.716300710464085,1180
1975,2023-08-28 19:40:57.776,pyaes-0-0.0.1,41.70082870330972,1180
1976,2023-08-28 19:40:58.779,cnn_image_classification-0-0.0.1,8.612837571510994,1180
1977,2023-08-28 19:40:58.779,dd-0-0.0.1,7.878849821057898,1180
1978,2023-08-28 19:40:58.779,image_processing-0-0.0.1,10.335284490196955,1180
1979,2023-08-28 19:40:58.779,pyaes-0-0.0.1,52.22457356013167,1180
1980,2023-08-28 19:40:59.783,cnn_image_classification-0-0.0.1,9.782898941857415,1180
1981,2023-08-28 19:40:59.783,dd-0-0.0.1,7.519798080415069,1180
1982,2023-08-28 19:40:59.783,image_processing-0-0.0.1,16.460909042081852,1180
1983,2023-08-28 19:40:59.783,pyaes-0-0.0.1,64.05006163254451,1180
1984,2023-08-28 19:41:00.786,cnn_image_classification-0-0.0.1,10.584681798400227,1181
1985,2023-08-28 19:41:00.786,dd-0-0.0.1,7.281933140456555,1181
1986,2023-08-28 19:41:00.786,image_processing-0-0.0.1,17.43152482188582,1181
1987,2023-08-28 19:41:00.786,pyaes-0-0.0.1,66.87814910578408,1181
1988,2023-08-28 19:41:01.790,cnn_image_classification-0-0.0.1,11.81449262925926,1181
1989,2023-08-28 19:41:01.790,dd-0-0.0.1,6.726454589361174,1181
1990,2023-08-28 19:41:01.790,image_processing-0-0.0.1,18.8623727114278,1181
1991,2023-08-28 19:41:01.790,pyaes-0-0.0.1,59.91260935017051,1181
