,fn_start,fn_end,tid,fqdn
0,2023-04-13 16:44:40.199118691,2023-04-13 16:44:43.615600972,a104adedto287ftoc35fto8d27toc7decbbb28a2,pyaes-0-0.0.1
1,2023-04-13 16:44:40.951155609,2023-04-13 16:44:44.155409255,77b78512to7a58toce0fto4a71to61e145b5334e,pyaes-0-0.0.1
2,2023-04-13 16:44:40.625411248,2023-04-13 16:44:44.472172957,9d6d0ab3to1fe4to3824to7edbto0141bab2e5bb,pyaes-0-0.0.1
3,2023-04-13 16:44:41.349615236,2023-04-13 16:44:44.804780958,54aee5b2to2511to9f05tod6c9tocf25f006a0e0,image_processing-0-0.0.1
4,2023-04-13 16:44:41.811173187,2023-04-13 16:44:45.325904391,42268c2dto7df7tob95atofd82to2396a09bf9b8,float_operation-0-0.0.1
5,2023-04-13 16:44:42.730229748,2023-04-13 16:44:45.786548155,68b820cetoa8a9to9dddto43a6to41445bd11a4b,pyaes-0-0.0.1
6,2023-04-13 16:44:42.075059116,2023-04-13 16:44:46.211729420,1fa1b529to02c9tob6e8to59dbto996a21ce8ade,pyaes-0-0.0.1
7,2023-04-13 16:44:42.563100687,2023-04-13 16:44:46.319235420,5e97dae5to8bc9tobdeato28b0to2d8406cf4fbb,float_operation-0-0.0.1
8,2023-04-13 16:44:43.874334464,2023-04-13 16:44:47.388399546,a833b252to2524to7990to840cto89ba4314011e,image_processing-0-0.0.1
9,2023-04-13 16:44:44.351069216,2023-04-13 16:44:47.645122972,f434d7b8to3846toad7etob28ftocf30c243ad49,image_processing-0-0.0.1
10,2023-04-13 16:44:45.120371264,2023-04-13 16:44:47.692765525,c532d8ffto279ato3cd5to98adto76a65a235b17,image_processing-0-0.0.1
11,2023-04-13 16:44:45.015674658,2023-04-13 16:44:48.032770210,6ffbb7d2toeaf2to9950to4850to4854d88119d1,image_processing-0-0.0.1
12,2023-04-13 16:44:45.669789341,2023-04-13 16:44:48.578874667,63b951fdtocce9to2004toa1f1tofdcb729d2061,float_operation-0-0.0.1
13,2023-04-13 16:44:45.655217985,2023-04-13 16:44:48.597219137,798c945eto2428todd60tod947to85af766619d0,float_operation-0-0.0.1
14,2023-04-13 16:44:46.816866576,2023-04-13 16:44:49.706415107,2fcd93c1to8706to5e3atoe6d2to3ebdc5fe180b,float_operation-0-0.0.1
15,2023-04-13 16:44:47.128845740,2023-04-13 16:44:49.732012009,75809523to0504to0428toe6c3to4f8b0f2eaf02,pyaes-0-0.0.1
16,2023-04-13 16:44:46.678434566,2023-04-13 16:44:49.937611612,89bcb2eato2d27tob5dbtof91dtod86e246c09c3,image_processing-0-0.0.1
17,2023-04-13 16:44:47.410901531,2023-04-13 16:44:50.005860463,9b91771fto38e2toebfftof946to8ba90ec529f1,pyaes-0-0.0.1
18,2023-04-13 16:44:49.218170832,2023-04-13 16:44:51.888848669,89005c77to5c23to106bto22d2tofbaea7c3ca83,float_operation-0-0.0.1
19,2023-04-13 16:44:50.466866127,2023-04-13 16:44:53.043511077,0eafa653to35b2toe132to0a4dto8a2efeb9bc94,pyaes-0-0.0.1
20,2023-04-13 16:44:50.338882078,2023-04-13 16:44:53.344677456,1fb2bc5btoc5eato8985to33f8to6aabf38be408,image_processing-0-0.0.1
21,2023-04-13 16:44:53.999928718,2023-04-13 16:44:57.021723489,3ddb49bcto0b77todb07to9530tocfda86b20e35,image_processing-0-0.0.1
22,2023-04-13 16:44:54.789987814,2023-04-13 16:44:57.810601585,0ae3629bto85cetocbcdtob05bto0578375b5976,image_processing-0-0.0.1
23,2023-04-13 16:44:55.996921539,2023-04-13 16:44:58.720757818,7d50e31cto3bdbto779dto0c3fto6d0a5095ddd6,float_operation-0-0.0.1
24,2023-04-13 16:44:56.312978778,2023-04-13 16:44:59.161182532,8a0e16bfto46f1to8e99tof515tode7707e7ad7c,float_operation-0-0.0.1
25,2023-04-13 16:44:56.341824383,2023-04-13 16:44:59.168688277,96f8276fto4703to6c0dto5b33to04db4251b8cb,float_operation-0-0.0.1
26,2023-04-13 16:44:58.695947737,2023-04-13 16:45:01.714009846,c2857197to4978tod097to4452to9892bbffbcb1,image_processing-0-0.0.1
27,2023-04-13 16:44:59.415933790,2023-04-13 16:45:01.967454308,a1ad5720to68e1toc80fto1112to42b48cba87b9,pyaes-0-0.0.1
28,2023-04-13 16:44:59.446849997,2023-04-13 16:45:02.000814379,0ccf5c0cto7c21tod1d7toc1fdto455e520843a1,pyaes-0-0.0.1
29,2023-04-13 16:44:59.341998742,2023-04-13 16:45:02.127389400,f5a845a1tod919to10c4to4aaatoa5caab5228af,float_operation-0-0.0.1
30,2023-04-13 16:45:01.759919863,2023-04-13 16:45:04.492587651,39f380d5to735fto8feeto97aato4240329f1a9c,float_operation-0-0.0.1
31,2023-04-13 16:45:03.212822429,2023-04-13 16:45:05.629520056,713fc478toff08to2cdbto9f7etoc216999706d6,pyaes-0-0.0.1
32,2023-04-13 16:45:04.327917960,2023-04-13 16:45:07.349708561,83da5712tofa82to3791to6654to6dc6356d61c3,image_processing-0-0.0.1
33,2023-04-13 16:45:05.359917119,2023-04-13 16:45:08.382832318,adeea478to4ffctoe798to6299tob22f4cc9e09d,image_processing-0-0.0.1
34,2023-04-13 16:45:08.889012460,2023-04-13 16:45:11.917192460,4453e41etoa8adto2689to7fffto182cd5ac9da6,image_processing-0-0.0.1
35,2023-04-13 16:45:10.273993432,2023-04-13 16:45:13.044025638,f0932e69to41cato9c88to539dtof5c68a733209,float_operation-0-0.0.1
36,2023-04-13 16:45:12.008869970,2023-04-13 16:45:15.031324981,e94f5c22toaae9to240fto1220tof32321247213,image_processing-0-0.0.1
37,2023-04-13 16:45:13.042855969,2023-04-13 16:45:15.126841399,9ed10333to8781to1358to96e5toe095cc8ec17b,image_processing-0-0.0.1
38,2023-04-13 16:45:12.406910961,2023-04-13 16:45:15.453283491,f4c32b9bto58f0toe3fdtocd88toc0ccfea7b961,image_processing-0-0.0.1
39,2023-04-13 16:45:12.975933516,2023-04-13 16:45:15.816019165,8a9c9d5atobf7eto3fe5to360bto9f37a71f93a3,float_operation-0-0.0.1
40,2023-04-13 16:45:13.818912144,2023-04-13 16:45:16.823713467,9d3f38fetob095to5600toa7f1to96e18dfdc587,image_processing-0-0.0.1
41,2023-04-13 16:45:18.460025205,2023-04-13 16:45:21.214913973,9a0bea8eto9107toc26cto3f98to39b17b8acc27,float_operation-0-0.0.1
42,2023-04-13 16:45:19.332908044,2023-04-13 16:45:22.113241856,2798f809to3f18to90c9to4d1ctof266e2b4ecae,float_operation-0-0.0.1
43,2023-04-13 16:45:20.511874611,2023-04-13 16:45:23.581874256,e27c4f3atoa556tobd29todef6toc14cf7da2d8f,image_processing-0-0.0.1
44,2023-04-13 16:45:22.961949174,2023-04-13 16:45:25.421224310,ad603d2dtobb5eto5f4ftobb4etod94f261dc617,pyaes-0-0.0.1
45,2023-04-13 16:45:23.210941593,2023-04-13 16:45:26.243372269,da989d87to4b2dtod173to27e7toba514d6e2297,image_processing-0-0.0.1
46,2023-04-13 16:45:27.091786823,2023-04-13 16:45:29.554940210,9c46af3dto9b84to4e67to6335tob575842c9a1f,pyaes-0-0.0.1
47,2023-04-13 16:45:26.802997470,2023-04-13 16:45:29.617478760,68929d87tobaebto9bdetod0fatobbea3e2037de,float_operation-0-0.0.1
48,2023-04-13 16:45:27.825879804,2023-04-13 16:45:30.328462596,9233f4bato7777tob181to8df3tofd7d768f0c55,pyaes-0-0.0.1
49,2023-04-13 16:45:33.164988129,2023-04-13 16:45:35.598368864,a9730916to36c9to1271tof243to5e4115eb7863,pyaes-0-0.0.1
50,2023-04-13 16:45:35.697102538,2023-04-13 16:45:38.510354088,6bac9683to019eto24b3to78b4toa8d404ce72a4,float_operation-0-0.0.1
51,2023-04-13 16:45:36.435969246,2023-04-13 16:45:39.490434907,73c67819to4f93to8339tob0e0to9dee54b98b7c,image_processing-0-0.0.1
52,2023-04-13 16:45:37.791263643,2023-04-13 16:45:39.897556153,5cf7702bto34b3to6ce6to77a7to21eba10d7dc1,image_processing-0-0.0.1
53,2023-04-13 16:45:37.304993782,2023-04-13 16:45:40.365309217,f98e21b6to56f0to1af0to054cto5b532a516af8,image_processing-0-0.0.1
54,2023-04-13 16:45:38.089059010,2023-04-13 16:45:40.959293656,2a526e54to71b0to4544todde5to766d31f894fc,float_operation-0-0.0.1
55,2023-04-13 16:45:38.457051387,2023-04-13 16:45:41.553250799,5b0fc717to4092to5454toa4a6to17e1a26f51c1,image_processing-0-0.0.1
56,2023-04-13 16:45:39.418783264,2023-04-13 16:45:41.969625699,8993c4a9to22aatoafa8tobf74toc154c1a2f4e4,image_processing-0-0.0.1
57,2023-04-13 16:45:39.718816828,2023-04-13 16:45:42.655536881,a57d1f87toab2fto3861to98e9to4819f6661558,float_operation-0-0.0.1
58,2023-04-13 16:45:40.371733751,2023-04-13 16:45:43.143847037,9af19a7atob821to9ac1to05aeto890f5eb42ce1,float_operation-0-0.0.1
59,2023-04-13 16:45:42.557927457,2023-04-13 16:45:45.386045540,aaa971b7to663ctod11dtod1b1tob555f8caacd3,float_operation-0-0.0.1
60,2023-04-13 16:45:43.717817377,2023-04-13 16:45:45.811610249,55be8e70toff93to5c88to410ftod4f3170a8bfa,image_processing-0-0.0.1
61,2023-04-13 16:45:41.501484722,2023-04-13 16:45:45.896717000,a7c9827dtof029toe57bto6cc0to9faee9d032db,float_operation-0-0.0.1
62,2023-04-13 16:45:43.957848527,2023-04-13 16:45:46.512847491,2ed6d592to6410to3ecetoe72dtocb71a1aaa1b6,pyaes-0-0.0.1
63,2023-04-13 16:45:44.579799344,2023-04-13 16:45:47.215134059,518063ebto2457to494eto3c69to71fbf2fe8d94,float_operation-0-0.0.1
64,2023-04-13 16:45:49.388240988,2023-04-13 16:45:51.980679416,5b3fac7dto3199toca44to1dcbtof9fa470fd3db,float_operation-0-0.0.1
65,2023-04-13 16:45:50.430928497,2023-04-13 16:45:52.495830691,f190ad44to4f75to9560to4965tod752e5562089,image_processing-0-0.0.1
66,2023-04-13 16:45:51.027809233,2023-04-13 16:45:53.502172914,94c4e147tof099to94ccto1ea7toea6234f70b17,pyaes-0-0.0.1
67,2023-04-13 16:45:54.199968897,2023-04-13 16:45:56.829270630,81e43c4eto6d97to4322to6631to074d5184631c,float_operation-0-0.0.1
68,2023-04-13 16:45:56.475854983,2023-04-13 16:45:58.576172873,9ae7007dto6847to5345to038atof83bf5d9c58c,image_processing-0-0.0.1
69,2023-04-13 16:45:54.696828300,2023-04-13 16:45:58.913109764,07ced934to0480to63fdto7239to2f4d9f02d025,float_operation-0-0.0.1
70,2023-04-13 16:45:57.084903088,2023-04-13 16:46:00.103126889,c8d2d87ftoadc3toc19ato39a2to63004116d818,image_processing-0-0.0.1
71,2023-04-13 16:45:59.039993169,2023-04-13 16:46:03.208757825,f807e782to8a8ato5195tob00ftod05028542c23,float_operation-0-0.0.1
72,2023-04-13 16:46:00.809939112,2023-04-13 16:46:03.452240689,14660d84to0886tob9b7to41ebto3b02a476d9b9,float_operation-0-0.0.1
73,2023-04-13 16:46:02.979851526,2023-04-13 16:46:05.738455111,5a9e41ccto8177to4b37tocbacto351035fa7c6b,float_operation-0-0.0.1
74,2023-04-13 16:46:02.721975007,2023-04-13 16:46:05.741681144,1c3228bato403ato2263to11d5toe4ecfcd4b2d5,image_processing-0-0.0.1
75,2023-04-13 16:46:07.433962373,2023-04-13 16:46:09.916924674,fc1caf64to36c0to4913to1090to9f96e19ac85e,pyaes-0-0.0.1
76,2023-04-13 16:46:08.925904108,2023-04-13 16:46:11.473505962,d8d36312to8c2ato9c19to835dto72d297c9556e,pyaes-0-0.0.1
77,2023-04-13 16:46:08.541881442,2023-04-13 16:46:11.564238874,31f77066to6d1eto36e3to5a3ato92be0ef36e07,image_processing-0-0.0.1
78,2023-04-13 16:46:09.892957041,2023-04-13 16:46:12.390964688,6095c2bbto0ed8tocc24to67d7tof3dc1ef17346,pyaes-0-0.0.1
79,2023-04-13 16:46:11.875892120,2023-04-13 16:46:14.897808422,d73dd30ftof6c2to1bb4toaf6eto119102eb604f,image_processing-0-0.0.1
80,2023-04-13 16:46:14.460203050,2023-04-13 16:46:16.913632354,d246e487tobbf9to8ea1to9777to5f1a9ed2322e,pyaes-0-0.0.1
81,2023-04-13 16:46:15.864845582,2023-04-13 16:46:18.605155094,dc38b41eto5c92to184cto176ato6ebc5dd7e209,float_operation-0-0.0.1
82,2023-04-13 16:46:16.705012214,2023-04-13 16:46:19.325749361,680ba92fto80b4to227eto33e9to7576232102d9,float_operation-0-0.0.1
83,2023-04-13 16:46:20.093964126,2023-04-13 16:46:22.580056492,94c2a2cato1a52tof755toc086to05ef76705156,pyaes-0-0.0.1
84,2023-04-13 16:46:19.781894078,2023-04-13 16:46:22.836237625,e75f5346to1f26tob221to4a0ato5f21864377d6,image_processing-0-0.0.1
85,2023-04-13 16:46:21.366054102,2023-04-13 16:46:24.067427666,930c109ato3f18tof5c8to5d72to30a60b8cdf2e,float_operation-0-0.0.1
86,2023-04-13 16:46:22.710926711,2023-04-13 16:46:25.170559208,6953813dto9746to2c92to36aftod9fd39f6cc62,pyaes-0-0.0.1
87,2023-04-13 16:46:22.991897320,2023-04-13 16:46:25.518503412,fd8de14fto2ebetoc356toa5detob757684d360c,pyaes-0-0.0.1
88,2023-04-13 16:46:24.601849323,2023-04-13 16:46:27.135762100,e74f7aa0to6835tof8f2tofcb0to2175c5959695,pyaes-0-0.0.1
89,2023-04-13 16:46:24.499835096,2023-04-13 16:46:27.512973961,947f21b2tofd87to86ebtobec8to31d17084be62,image_processing-0-0.0.1
90,2023-04-13 16:46:25.515763879,2023-04-13 16:46:27.962262453,15eedf78to21e0toa686to4aa4toe824e9112cba,pyaes-0-0.0.1
91,2023-04-13 16:46:31.441265797,2023-04-13 16:46:33.860883580,27b6ff97to3f21todbbeto72a6to3904d05e9122,pyaes-0-0.0.1
92,2023-04-13 16:46:36.181977617,2023-04-13 16:46:38.904464889,54f3d8deto6129toc3a9to324ato899f3d38ba7a,float_operation-0-0.0.1
93,2023-04-13 16:46:37.191877536,2023-04-13 16:46:39.742888241,19ea83abtoeb9fto60f7toe864tocdd6eefb3322,pyaes-0-0.0.1
94,2023-04-13 16:46:36.539873949,2023-04-13 16:46:39.788322984,b42e4114toa72bto1114tod797to3a1090221e00,image_processing-0-0.0.1
95,2023-04-13 16:46:37.075029837,2023-04-13 16:46:39.926092775,d83a319dtoefdcto1e86to53deto0865fd3f1a25,float_operation-0-0.0.1
96,2023-04-13 16:46:39.515908517,2023-04-13 16:46:41.613055866,9323af3btod0d5to7833to44e7to71ef36569a8f,image_processing-0-0.0.1
97,2023-04-13 16:46:38.436931036,2023-04-13 16:46:42.677387559,f98c7ff0to5060to93fbtocc89to7e31abead84d,float_operation-0-0.0.1
98,2023-04-13 16:46:39.863751631,2023-04-13 16:46:42.873658314,0063c880to5127to12b0to0445to3b21d1575d2d,image_processing-0-0.0.1
99,2023-04-13 16:46:43.236953035,2023-04-13 16:46:45.609396096,31aaa6c0to58f5to3559to855bto4b6f8d50df9a,pyaes-0-0.0.1
100,2023-04-13 16:46:45.753882895,2023-04-13 16:46:48.914081203,1ed87371toa864to59efto1dbfto17f63117189e,float_operation-0-0.0.1
101,2023-04-13 16:46:44.996824964,2023-04-13 16:46:48.966357235,f33e829ctoca37to8da6to63efto1e3545669b00,float_operation-0-0.0.1
102,2023-04-13 16:46:46.293824471,2023-04-13 16:46:49.444365625,474c44e7to5fbeto4cdatod2d4toeddc40ed4f3a,float_operation-0-0.0.1
103,2023-04-13 16:46:46.665870598,2023-04-13 16:46:49.613003496,89ae393btoe4b1to39eeto7b13to005b7e839571,float_operation-0-0.0.1
104,2023-04-13 16:46:48.295820002,2023-04-13 16:46:50.622016135,b3953554tofd1eto12f2toceb5to7cfd78672c54,image_processing-0-0.0.1
105,2023-04-13 16:46:48.144856089,2023-04-13 16:46:50.746547501,ed5fb0c7to4c18toa077to2c6ftoccf96f1b25a6,pyaes-0-0.0.1
106,2023-04-13 16:46:48.863212829,2023-04-13 16:46:51.771376081,8c8d1b26toff0dtoc2fetoeabcto3da1236b0b49,float_operation-0-0.0.1
107,2023-04-13 16:46:52.406000403,2023-04-13 16:46:55.093243764,0740a117to8f0fto882dto35e4to343aa5039ff7,float_operation-0-0.0.1
108,2023-04-13 16:46:54.066914903,2023-04-13 16:46:56.539111076,4fdd53a2to6a36tof1d5to746etoc9309f017177,pyaes-0-0.0.1
109,2023-04-13 16:46:54.990965597,2023-04-13 16:46:57.765771689,e547be1etob027to0e6btoa67bto7e010c0b9988,float_operation-0-0.0.1
110,2023-04-13 16:46:56.392822632,2023-04-13 16:46:58.447552482,7a16f659to1427to0282toa155to33f3068cd2a6,image_processing-0-0.0.1
111,2023-04-13 16:46:57.660831179,2023-04-13 16:46:59.713088269,f6775d6cto48c5to47ddtoe0betob24bc6281edd,image_processing-0-0.0.1
112,2023-04-13 16:46:57.572928550,2023-04-13 16:47:00.016835516,47ea3883to6f9btoa02eto1db8tof90e6789ba23,pyaes-0-0.0.1
113,2023-04-13 16:46:59.655826850,2023-04-13 16:47:01.690859216,9a6e17aatoaf8dtoe221to3792to61bb1beaedce,image_processing-0-0.0.1
114,2023-04-13 16:46:59.512909764,2023-04-13 16:47:01.980901602,9cb64f14to8c47to0013to86ddto5202892cfecf,pyaes-0-0.0.1
115,2023-04-13 16:47:04.222847071,2023-04-13 16:47:06.261304709,16c00ab4to7ebdtod944tod661to892d8279361b,image_processing-0-0.0.1
116,2023-04-13 16:47:03.666943966,2023-04-13 16:47:06.464041439,57059fa8toaa72tod19fto3d97to2d477f2c492e,float_operation-0-0.0.1
117,2023-04-13 16:47:05.423955174,2023-04-13 16:47:07.953185059,95fe7204to3b66to61dfto36f2to312d9c173999,pyaes-0-0.0.1
118,2023-04-13 16:47:05.559863464,2023-04-13 16:47:08.080915921,38a1a890to6f7dtof7adto536dtoe8b54bb3e2c2,pyaes-0-0.0.1
119,2023-04-13 16:47:06.913753516,2023-04-13 16:47:09.344765836,2fde6388tob099to1548to6e92toda58144eed3b,pyaes-0-0.0.1
120,2023-04-13 16:47:08.334852030,2023-04-13 16:47:10.747342777,8ad8a398to47bdto0f1dtofb28to6fd1734d0aee,pyaes-0-0.0.1
121,2023-04-13 16:47:09.896936894,2023-04-13 16:47:12.348582727,bc5ec022to85e3toec1fto34bcto1a3684ad720e,pyaes-0-0.0.1
122,2023-04-13 16:47:09.988819253,2023-04-13 16:47:12.491067561,4aa1b7cbto4cf0tobdb8to141cto4b64d056f751,pyaes-0-0.0.1
123,2023-04-13 16:47:11.453771645,2023-04-13 16:47:13.883480542,48c2ef36to82f5tob40atoe7eftobeaad5a85a07,pyaes-0-0.0.1
124,2023-04-13 16:47:13.482849702,2023-04-13 16:47:15.505858115,b0ed240eto516eto9940to384atoe1f123835e16,image_processing-0-0.0.1
125,2023-04-13 16:47:13.908864821,2023-04-13 16:47:16.643692266,b27b188eto9e26tob6b6tod2cftof3063b800358,float_operation-0-0.0.1
126,2023-04-13 16:47:18.697149998,2023-04-13 16:47:20.733794200,f02c888etof00atoe5c6to54ecto81590b389586,image_processing-0-0.0.1
127,2023-04-13 16:47:20.153986185,2023-04-13 16:47:22.175354124,0dfb11c2to297dtof984tofb3bto51887a43acb9,image_processing-0-0.0.1
128,2023-04-13 16:47:24.525955897,2023-04-13 16:47:27.268862661,2ad34eb3to5247tob17bto6ac4to9b9f0f157f2c,float_operation-0-0.0.1
129,2023-04-13 16:47:26.368915768,2023-04-13 16:47:28.799489724,16a04e73to67d4to9ffatoa5efto236d03c1b908,pyaes-0-0.0.1
130,2023-04-13 16:47:29.780836209,2023-04-13 16:47:31.896723613,320573b7to744etod299to4f5fto64687a610d50,image_processing-0-0.0.1
131,2023-04-13 16:47:29.224902093,2023-04-13 16:47:32.092852672,9be14141toe85ftodfc4tof5d7to3e2832253017,float_operation-0-0.0.1
132,2023-04-13 16:47:30.003787889,2023-04-13 16:47:32.513605361,9cbac293toba04to03c2tobbc2tof9bd5528a079,pyaes-0-0.0.1
133,2023-04-13 16:47:30.441908688,2023-04-13 16:47:33.025172768,245166c0to6c02to3037to402eto210b10f8a278,pyaes-0-0.0.1
134,2023-04-13 16:47:30.952887593,2023-04-13 16:47:33.284047443,a9f0a837tob9c1to5ba6toefaeto8062b74b32c7,image_processing-0-0.0.1
135,2023-04-13 16:47:30.994834827,2023-04-13 16:47:33.575188074,2ddfce21toe8f7to3391to0757to1fd5cf7d960f,pyaes-0-0.0.1
136,2023-04-13 16:47:31.217835512,2023-04-13 16:47:34.247555697,c00544dato1125to6384toad06to6a401ac7bfbd,image_processing-0-0.0.1
137,2023-04-13 16:47:32.525733382,2023-04-13 16:47:34.535981999,18289553to03c3to5209toa325to086d132486af,image_processing-0-0.0.1
138,2023-04-13 16:47:32.137694757,2023-04-13 16:47:34.686186060,c7e43d98to51edtoec33to7a33to0ff9f1dcd7b3,pyaes-0-0.0.1
139,2023-04-13 16:47:34.064856136,2023-04-13 16:47:36.845933295,e01b6474tob922tob1acto8c81to408e0ec2451f,float_operation-0-0.0.1
140,2023-04-13 16:47:35.338869000,2023-04-13 16:47:37.974598844,aab9c6bfto2eb6to1617tofb17to5982c1d79826,float_operation-0-0.0.1
141,2023-04-13 16:47:37.726871622,2023-04-13 16:47:40.760787825,003a0547tobbe4toab3ctob575toab1858d902de,image_processing-0-0.0.1
142,2023-04-13 16:47:37.896876398,2023-04-13 16:47:41.082693745,4d46b080to1571tod8ecto711dtoa3b10e532a49,image_processing-0-0.0.1
143,2023-04-13 16:47:40.471907594,2023-04-13 16:47:43.158090123,e69d6d3atofeefto2077to7c07toe842ba9ec85b,float_operation-0-0.0.1
144,2023-04-13 16:47:44.031935102,2023-04-13 16:47:46.633665793,32d6c892to8096to9acato04bfto9671ec405314,float_operation-0-0.0.1
145,2023-04-13 16:47:47.210917025,2023-04-13 16:47:49.868062479,676f138atoc73etodfa0to211ato74c1383954fd,float_operation-0-0.0.1
146,2023-04-13 16:47:48.232086325,2023-04-13 16:47:50.750995406,cbbc2c5ato06f9to1e18tob372to3b5b723c4ef1,pyaes-0-0.0.1
147,2023-04-13 16:47:48.387813002,2023-04-13 16:47:51.419169245,a27f868atoed92to1310to8182to47cf442b208d,image_processing-0-0.0.1
148,2023-04-13 16:47:50.006924087,2023-04-13 16:47:53.077096559,73bd3336to704fto5eddtoab26to8fa581ef8240,image_processing-0-0.0.1
149,2023-04-13 16:47:55.288957887,2023-04-13 16:47:57.930745420,0dbd75c2to4e88toe706tocca5tocd854ba936f6,float_operation-0-0.0.1
150,2023-04-13 16:47:56.391840549,2023-04-13 16:47:59.130686995,23ad2d10to372ato2e2fto545eto6502797d69f3,float_operation-0-0.0.1
151,2023-04-13 16:47:59.327837244,2023-04-13 16:48:02.062055513,ba69128etoe140toc8actod3feto3b4f74683d3c,float_operation-0-0.0.1
152,2023-04-13 16:47:59.571778831,2023-04-13 16:48:02.245240716,5c90d451tofa90tob881toa2c4to250751014364,float_operation-0-0.0.1
153,2023-04-13 16:48:02.652809061,2023-04-13 16:48:05.197575022,ff5c0d03to17a7toa503tobd2atobaa4446f8492,pyaes-0-0.0.1
154,2023-04-13 16:48:01.125816223,2023-04-13 16:48:05.481254987,ff4c5060to33fdto5f56to6503tofcfc668c6c63,float_operation-0-0.0.1
155,2023-04-13 16:48:02.990638675,2023-04-13 16:48:05.751072382,0411ff0dtode82to79cdto4fdcto1b11a06866e8,float_operation-0-0.0.1
156,2023-04-13 16:48:03.324868494,2023-04-13 16:48:06.148214648,fae72138to4edctocaa3todf61tod99751031486,float_operation-0-0.0.1
157,2023-04-13 16:48:03.906800959,2023-04-13 16:48:06.469091606,f63c3643tof2e3tof4c2to729bto74d6b8ff93ac,pyaes-0-0.0.1
158,2023-04-13 16:48:04.151746477,2023-04-13 16:48:07.176103782,4aea20fatoa896to27acto7d61to67cf229ed574,image_processing-0-0.0.1
159,2023-04-13 16:48:05.528686950,2023-04-13 16:48:07.955693076,4b315267to25e9to62ebto5b7etob7002c711657,pyaes-0-0.0.1
160,2023-04-13 16:48:11.250944989,2023-04-13 16:48:14.311028380,6e677d0fto8da8tob5ddtoc91ato67aeb6a0ac66,image_processing-0-0.0.1
161,2023-04-13 16:48:11.814893728,2023-04-13 16:48:14.591009527,f0d35508to4468to3c7ctof341to59c425e37747,float_operation-0-0.0.1
162,2023-04-13 16:48:14.894766773,2023-04-13 16:48:17.449788752,33641875to15b9to9167to2461to78a5f3bbe885,pyaes-0-0.0.1
163,2023-04-13 16:48:14.681723181,2023-04-13 16:48:17.479358001,6f06fc43to0a41tob05ato93c8toe642239de2d6,float_operation-0-0.0.1
164,2023-04-13 16:48:15.122788314,2023-04-13 16:48:17.683287235,1b837696tof2b8toa506to5957tof99123369738,pyaes-0-0.0.1
165,2023-04-13 16:48:16.035838667,2023-04-13 16:48:18.595615633,168db441to011fto2e47tocee4toa350594ee4f7,pyaes-0-0.0.1
166,2023-04-13 16:48:16.196803573,2023-04-13 16:48:18.958418485,e86e9a0bto0c8ftof1b9todaa1to69a306089ae4,float_operation-0-0.0.1
167,2023-04-13 16:48:16.290827503,2023-04-13 16:48:19.575261666,0a22b363to5487to844dto83d5to5d27107ae3a6,image_processing-0-0.0.1
168,2023-04-13 16:48:20.279755075,2023-04-13 16:48:23.298041072,55d03d5dto0436to038cto9284to90dd9b6b8712,image_processing-0-0.0.1
169,2023-04-13 16:48:20.831863097,2023-04-13 16:48:23.850566174,87d4ec6ftob4f8toabaato8f4cto3ecce163b25d,image_processing-0-0.0.1
170,2023-04-13 16:48:22.919891118,2023-04-13 16:48:24.944411547,a36e2c63to0452to97bato24b8to19efa2b1f75b,image_processing-0-0.0.1
171,2023-04-13 16:48:24.767810606,2023-04-13 16:48:27.808629663,b6c72f3dto3eebto6fc2to1539toab1b09b61a66,image_processing-0-0.0.1
172,2023-04-13 16:48:26.384821847,2023-04-13 16:48:28.832797713,a2808f98to4621to3ea9todfa5to5313e39f90da,pyaes-0-0.0.1
173,2023-04-13 16:48:29.372043118,2023-04-13 16:48:31.760735754,baa804a8to9138tof2e1to3923toe253bd086fa5,pyaes-0-0.0.1
174,2023-04-13 16:48:31.399004128,2023-04-13 16:48:34.418849227,f75825d9to65cctob74dto1c0fto4d3fc06a0ab5,image_processing-0-0.0.1
175,2023-04-13 16:48:33.370781268,2023-04-13 16:48:35.445465957,a4aaffddto9d95to1c5eto40c1toc6513f465942,image_processing-0-0.0.1
176,2023-04-13 16:48:32.996823350,2023-04-13 16:48:35.470493755,035c904cto140cto6f61to1d05to537c5dc72c6e,pyaes-0-0.0.1
177,2023-04-13 16:48:34.292880413,2023-04-13 16:48:37.027790355,78478c34toed3ato751cto8576toc3718db52148,float_operation-0-0.0.1
178,2023-04-13 16:48:35.289820292,2023-04-13 16:48:38.299279565,2e541a2ftoc18cto4853to5feato9e27b24cd63a,image_processing-0-0.0.1
179,2023-04-13 16:48:37.773890863,2023-04-13 16:48:39.800077348,55b20891tof06bto52ddto781dto0c3fb373ee43,image_processing-0-0.0.1
180,2023-04-13 16:48:38.023869248,2023-04-13 16:48:40.490503139,2b13da9btof743to4dd7toa45fto48945c009e84,pyaes-0-0.0.1
181,2023-04-13 16:48:39.492931334,2023-04-13 16:48:42.511774034,98db63e0to7437toc1c3to3ad7tobdcf3bbdc5e6,image_processing-0-0.0.1
182,2023-04-13 16:48:44.388995300,2023-04-13 16:48:47.079064563,c2039cffto598bto072btoa58dto1f5b28a8be0d,float_operation-0-0.0.1
183,2023-04-13 16:48:44.781831382,2023-04-13 16:48:47.236010811,460f1812toc42ftoa3fdtobf05tofd1dcb14db3d,pyaes-0-0.0.1
184,2023-04-13 16:48:48.643909775,2023-04-13 16:48:51.353968617,ee2618b2toe450toe53fto2696to240c41ceab14,float_operation-0-0.0.1
185,2023-04-13 16:48:49.157762771,2023-04-13 16:48:51.640721417,9623325btoc275to96bdto9887to615f53e3d056,pyaes-0-0.0.1
186,2023-04-13 16:48:49.485754957,2023-04-13 16:48:52.313571380,4f9dbff3tod260tocf43to96f9to93cf00f2940d,float_operation-0-0.0.1
187,2023-04-13 16:48:50.442803396,2023-04-13 16:48:53.640393307,44647e03to3abbto29d8toc9eato32250feaf736,image_processing-0-0.0.1
188,2023-04-13 16:48:52.241861326,2023-04-13 16:48:54.286467473,c58edb8fto1e96to158btodba2to293de010a547,image_processing-0-0.0.1
189,2023-04-13 16:48:52.547845768,2023-04-13 16:48:54.986163991,98607444to11e3todd60tob218tob0d470a73cbb,pyaes-0-0.0.1
190,2023-04-13 16:48:55.684947376,2023-04-13 16:48:58.061241781,2ab99de2toa8f3toe151to188bto7b6f1db56953,pyaes-0-0.0.1
191,2023-04-13 16:48:57.887795987,2023-04-13 16:49:00.393938689,e5f52702toc964to8f98to79d8toa911fdb31295,pyaes-0-0.0.1
192,2023-04-13 16:48:58.698822262,2023-04-13 16:49:01.161078116,739f44ffto3bd1tob599to13e1to3c7de6a00cc7,pyaes-0-0.0.1
193,2023-04-13 16:48:58.869720782,2023-04-13 16:49:01.671610670,532972a7toae37toe440to0227to0fdc973a00e2,float_operation-0-0.0.1
194,2023-04-13 16:49:02.008921767,2023-04-13 16:49:04.121941265,0e66cdf9to546fto5654toa2b1to8da72f8cf87c,image_processing-0-0.0.1
195,2023-04-13 16:49:02.252835058,2023-04-13 16:49:05.054568884,e7f57130to7f10to135dto7481to1c70249356ba,float_operation-0-0.0.1
196,2023-04-13 16:49:02.629887981,2023-04-13 16:49:05.133895020,b5c57723tobd52to3814tode37to574715895418,pyaes-0-0.0.1
197,2023-04-13 16:49:03.168804724,2023-04-13 16:49:05.672714408,0704d5dbtoe47ato5012toef9ctocb99bae4e15d,pyaes-0-0.0.1
198,2023-04-13 16:49:03.987812795,2023-04-13 16:49:06.282290324,3979ce64to5d22tof144toa68bto50d2971f7b67,image_processing-0-0.0.1
199,2023-04-13 16:49:04.930849460,2023-04-13 16:49:06.972763001,72532b4etocd52to1cf1tod46cto2e8c994f7a47,image_processing-0-0.0.1
200,2023-04-13 16:49:05.211711076,2023-04-13 16:49:07.325673750,3b5c6b90to8236to5888to9159to7466beb3b80b,image_processing-0-0.0.1
201,2023-04-13 16:49:04.944739914,2023-04-13 16:49:07.964842130,b833fdd5to9fbetoe9cdto62edtof8e8490617c5,image_processing-0-0.0.1
202,2023-04-13 16:49:07.615865436,2023-04-13 16:49:09.558062878,06253272toa5d4tobb38to21a2toc9529e0ce14f,image_processing-0-0.0.1
203,2023-04-13 16:49:08.288905956,2023-04-13 16:49:10.814484771,441c2bd4to32a5toc073to2816to7c08bbe4d5be,pyaes-0-0.0.1
204,2023-04-13 16:49:09.429862709,2023-04-13 16:49:11.521824196,00145c5cto9f0ato054btocdddto235db670fb32,image_processing-0-0.0.1
205,2023-04-13 16:49:09.181905064,2023-04-13 16:49:11.740300955,71c35e3btod1d5to239ato44d3to24c1fbe4ec30,pyaes-0-0.0.1
206,2023-04-13 16:49:09.202846399,2023-04-13 16:49:12.243014713,0a373e50to7c3btod627to4d23to196032b2eaad,image_processing-0-0.0.1
207,2023-04-13 16:49:11.053834713,2023-04-13 16:49:13.120215533,3f070572toa41bto5228to8251tod5b509e33732,image_processing-0-0.0.1
208,2023-04-13 16:49:10.857867908,2023-04-13 16:49:13.342906569,13150336tob7a1to9eb8toed06to1cfbbbb6303c,pyaes-0-0.0.1
209,2023-04-13 16:49:12.511005225,2023-04-13 16:49:14.923175344,9613bbd8to4109toadb5toe0e4to65d2c0802c6b,pyaes-0-0.0.1
210,2023-04-13 16:49:14.825823468,2023-04-13 16:49:17.205649522,61896ea1tod621tof4deto9e19to0e5e3b6b8c46,pyaes-0-0.0.1
211,2023-04-13 16:49:17.471854804,2023-04-13 16:49:19.514369296,bd21d9b7to3e6eto8844to3df4to309b588fedd2,image_processing-0-0.0.1
212,2023-04-13 16:49:17.581850038,2023-04-13 16:49:20.363671642,6ee4f0a6to4314to1146to9439to65bffbe9eb49,float_operation-0-0.0.1
213,2023-04-13 16:49:19.673844969,2023-04-13 16:49:22.240365943,898ebbd3to4e82tob1dcto0644toe696010ff74f,pyaes-0-0.0.1
214,2023-04-13 16:49:19.779786042,2023-04-13 16:49:22.355824442,58dab7b7to0656toe73fto9428to4ce233b8e43a,pyaes-0-0.0.1
215,2023-04-13 16:49:20.060754898,2023-04-13 16:49:22.571361333,d17e4041toc996tod85dto8d78toe98e2b9922b4,pyaes-0-0.0.1
216,2023-04-13 16:49:19.793702655,2023-04-13 16:49:22.588180791,3b11bf63to7d95to5b7etoc5c2to4c8911adcff9,float_operation-0-0.0.1
217,2023-04-13 16:49:21.416835624,2023-04-13 16:49:24.199187511,a064f2c7to472etod0c7to6fdato7067319fa2a3,float_operation-0-0.0.1
218,2023-04-13 16:49:21.899618902,2023-04-13 16:49:24.945519674,31d21863to9ce5tof59cto7474tod0d9883a5e29,image_processing-0-0.0.1
219,2023-04-13 16:49:23.945905886,2023-04-13 16:49:26.960827674,2cb77d43tobff3to3a14to8526to1616dba02847,image_processing-0-0.0.1
220,2023-04-13 16:49:25.109879889,2023-04-13 16:49:27.878870032,b079d29cto09bfto797btoe0e2to323ef6711910,float_operation-0-0.0.1
221,2023-04-13 16:49:26.093821875,2023-04-13 16:49:28.629034331,bacf8f3dtofcc2to0607to6b73toadd2f30f546d,pyaes-0-0.0.1
222,2023-04-13 16:49:26.827869042,2023-04-13 16:49:29.583776874,88842455tocdf0to8622toa8c9to4f91c809a671,float_operation-0-0.0.1
223,2023-04-13 16:49:27.325858689,2023-04-13 16:49:31.680920871,a2c83f4fto2946to746btoebdbtob395007c5b09,float_operation-0-0.0.1
224,2023-04-13 16:49:30.521854323,2023-04-13 16:49:32.961134222,bdfbf62btoc55bto9a69to6f95to818b6c8b8057,pyaes-0-0.0.1
225,2023-04-13 16:49:32.195803492,2023-04-13 16:49:35.253068578,5f21c710to1f1eto80c1to4c03tod652d6c42661,image_processing-0-0.0.1
226,2023-04-13 16:49:38.714876917,2023-04-13 16:49:40.812916570,535b03bcto0b66tof78eto477dto2ca3819bc87a,image_processing-0-0.0.1
227,2023-04-13 16:49:36.591942952,2023-04-13 16:49:40.945901498,f198f224to556eto7672to8f66to0d274e5a82b1,float_operation-0-0.0.1
228,2023-04-13 16:49:39.502974134,2023-04-13 16:49:42.030819729,1c39046etoe657toac24to4743tocee92a665a59,pyaes-0-0.0.1
229,2023-04-13 16:49:40.470926674,2023-04-13 16:49:42.979667233,3bb8b63ftoa5cfto652atoc870toc16fdc0bbd86,pyaes-0-0.0.1
230,2023-04-13 16:49:41.298790876,2023-04-13 16:49:45.654784054,a2e90c3cto86ebto65c3to1648to1e32c57e651e,float_operation-0-0.0.1
231,2023-04-13 16:49:44.312918402,2023-04-13 16:49:46.460743470,2a05cf26toffa0tobce3to62c7to36855750bc9f,image_processing-0-0.0.1
232,2023-04-13 16:49:44.914914073,2023-04-13 16:49:47.486697603,010267fbto5738to62cdtoc1c0toaa814e72cd3f,pyaes-0-0.0.1
233,2023-04-13 16:49:44.867939439,2023-04-13 16:49:47.670667150,2bde47a7toc690toa5f9to3294to131213ff4c2d,float_operation-0-0.0.1
234,2023-04-13 16:49:46.013795954,2023-04-13 16:49:48.540032214,a7340d7ftoc605to82b2to3e3bto91b8395e11fa,pyaes-0-0.0.1
235,2023-04-13 16:49:46.926777238,2023-04-13 16:49:49.797055797,5f028ca2tof857to5763toa386tob75f40392eb4,float_operation-0-0.0.1
236,2023-04-13 16:49:46.661763017,2023-04-13 16:49:50.994415445,f00fe0acto3b21to84a7to0863tod776550ef5b7,float_operation-0-0.0.1
237,2023-04-13 16:49:48.751104269,2023-04-13 16:49:51.223171130,c1077927to9a66to2313todfe4to60ee75746fbf,pyaes-0-0.0.1
238,2023-04-13 16:49:49.944938764,2023-04-13 16:49:51.969182398,f674171ato970etod059to42f5to49a47c306c75,image_processing-0-0.0.1
239,2023-04-13 16:49:51.670794535,2023-04-13 16:49:54.136272083,705fed9eto8f9dto4d30toe011to33e7ebdae15b,pyaes-0-0.0.1
240,2023-04-13 16:49:52.329689349,2023-04-13 16:49:54.320165135,9507b569tob8f5to9b3cto8873to36f1f6889dbe,image_processing-0-0.0.1
241,2023-04-13 16:49:51.958970809,2023-04-13 16:49:54.492037059,5b317413to2c68to112eto3502to89413c1caf38,pyaes-0-0.0.1
242,2023-04-13 16:49:55.806943701,2023-04-13 16:49:58.187943028,540edd84to3b12toc500to4d73tob9e1572c89fc,pyaes-0-0.0.1
243,2023-04-13 16:49:58.167937133,2023-04-13 16:50:00.677866989,120f5a54tofa10toe990toad5cto49cc98ba4aa9,pyaes-0-0.0.1
244,2023-04-13 16:49:58.560684970,2023-04-13 16:50:01.039372985,a6f91a38toc822to6355to10fetob7a773381352,pyaes-0-0.0.1
245,2023-04-13 16:49:58.633849281,2023-04-13 16:50:02.995314306,900504b4to7e0dto24c5to55b2to89c1424ee8e5,float_operation-0-0.0.1
246,2023-04-13 16:50:01.128810608,2023-04-13 16:50:03.211483726,ac8709e4to4439tod159to5cbdtoba51ada772f3,image_processing-0-0.0.1
247,2023-04-13 16:50:00.912949355,2023-04-13 16:50:03.394608454,fd7afc38to6316to81e2tode1etob8484ded7541,pyaes-0-0.0.1
248,2023-04-13 16:50:02.216943330,2023-04-13 16:50:05.240497125,a7f2b1bato3ebetoe7c7to55e6to26087a605e69,image_processing-0-0.0.1
249,2023-04-13 16:50:03.605793829,2023-04-13 16:50:06.036376362,ecbfea91to155btoe140to3bc7tof0d77d6c7ba8,pyaes-0-0.0.1
250,2023-04-13 16:50:04.315920922,2023-04-13 16:50:06.330515364,68f93d84to5eectof8betoeb12to2cb126e10612,image_processing-0-0.0.1
251,2023-04-13 16:50:05.885815367,2023-04-13 16:50:08.912619766,f0e18f08to5a6bto0631toad06todad928f71586,image_processing-0-0.0.1
252,2023-04-13 16:50:07.745905682,2023-04-13 16:50:10.534552310,8aa4dc81to8c80to7048to5423tod7058774aa87,float_operation-0-0.0.1
253,2023-04-13 16:50:07.446907155,2023-04-13 16:50:11.783822484,55196fe7to6f7atoc3fdto6df2to25c383df0bf0,float_operation-0-0.0.1
254,2023-04-13 16:50:11.054869004,2023-04-13 16:50:13.333219033,fc730a88to0e59tod116to3efdtof931fdc56566,image_processing-0-0.0.1
255,2023-04-13 16:50:10.583850613,2023-04-13 16:50:13.377561708,4cdb1379to00eftob311to92b2tob383ce52fe16,float_operation-0-0.0.1
256,2023-04-13 16:50:11.014782729,2023-04-13 16:50:14.087699628,fac09be4tofed1toc31bto2233to98c334e4128c,image_processing-0-0.0.1
257,2023-04-13 16:50:11.712908139,2023-04-13 16:50:14.453407438,52f584b6toe18atob153to9606to0f8acb206277,float_operation-0-0.0.1
258,2023-04-13 16:50:15.265910562,2023-04-13 16:50:17.693392655,dcb8f012tocb8etodc70to6878toedf3cd19c398,pyaes-0-0.0.1
259,2023-04-13 16:50:17.862976442,2023-04-13 16:50:20.266432377,ffcaf0ectoa3b4tof8b1to5576toac4ffd236163,pyaes-0-0.0.1
260,2023-04-13 16:50:19.767836982,2023-04-13 16:50:21.865162896,16354e69to75batodcc5to0527to604aa6c8f53b,image_processing-0-0.0.1
261,2023-04-13 16:50:19.846918274,2023-04-13 16:50:21.959019378,606120dcto653ato4919toc9a1to623b2c9982bf,image_processing-0-0.0.1
262,2023-04-13 16:50:19.436831049,2023-04-13 16:50:22.010675572,370d6fe8to7291to3012tofd38to3c23efb8c243,pyaes-0-0.0.1
263,2023-04-13 16:50:19.532821879,2023-04-13 16:50:22.565353938,f1e689b7todc34tof6fcto4494toa479b8bd3288,image_processing-0-0.0.1
264,2023-04-13 16:50:20.007966145,2023-04-13 16:50:22.782038171,43428e30to4bb9to1ef3to093ftob9053c60a2d8,float_operation-0-0.0.1
265,2023-04-13 16:50:22.915846137,2023-04-13 16:50:25.948410554,5dd494dfto4517to1bcftof760to6d4047a34d4c,image_processing-0-0.0.1
266,2023-04-13 16:50:24.733824809,2023-04-13 16:50:27.482299440,437ec570to276ato20fatoef77toc77692983862,float_operation-0-0.0.1
267,2023-04-13 16:50:25.339726094,2023-04-13 16:50:28.183795542,4a712375to1124to9e9fto9d9dto247eb7c167e4,float_operation-0-0.0.1
268,2023-04-13 16:50:26.698848973,2023-04-13 16:50:29.310967485,73eee2e2to2e42to12e3tofc79to79146b688cb3,float_operation-0-0.0.1
269,2023-04-13 16:50:26.180868325,2023-04-13 16:50:30.531563875,d0b7add1to9e60tod04cto2521to3ce8befb4afa,float_operation-0-0.0.1
270,2023-04-13 16:50:28.424923043,2023-04-13 16:50:31.007445625,1e651ef8tof57bto8ebfto2d02to4163e7dbfd85,pyaes-0-0.0.1
271,2023-04-13 16:50:28.353851435,2023-04-13 16:50:31.192735242,10325015to0169to5965todbc5tob911f891887d,float_operation-0-0.0.1
272,2023-04-13 16:50:28.385825543,2023-04-13 16:50:31.418732187,8a3aed62to106ato7dd4tob509to8825a4a881f9,image_processing-0-0.0.1
273,2023-04-13 16:50:28.817722579,2023-04-13 16:50:31.584716432,36dee3fetoe5aeto0688toa936to5178f8b9cdd3,float_operation-0-0.0.1
274,2023-04-13 16:50:29.523631580,2023-04-13 16:50:31.604334957,32fde48ctoa917to25d7toa589to74fcc614fe98,image_processing-0-0.0.1
275,2023-04-13 16:50:31.391818526,2023-04-13 16:50:34.447713516,2d9f46a2to226ctoeadbto910dto87a3f36ac580,image_processing-0-0.0.1
276,2023-04-13 16:50:32.312907967,2023-04-13 16:50:34.805780004,64162e76to8ff4tob7a5to1ee2to84bdc0dc0f00,pyaes-0-0.0.1
277,2023-04-13 16:50:32.341769111,2023-04-13 16:50:35.051547236,133dc6bbtocc0ftoee8ato56a8to4d17bbda4b0f,float_operation-0-0.0.1
278,2023-04-13 16:50:34.921832802,2023-04-13 16:50:37.302074234,44c54df8toae9ato58dbtoe0f4to9041cd079f92,pyaes-0-0.0.1
279,2023-04-13 16:50:38.151931759,2023-04-13 16:50:40.587082290,f2454ec5toc704to1eaeto19f8to6aba8b8c3df2,pyaes-0-0.0.1
280,2023-04-13 16:50:38.897813931,2023-04-13 16:50:41.381584039,ec524f1ctoa6edtoc6dbto2ecdto9aee79579cd7,pyaes-0-0.0.1
281,2023-04-13 16:50:39.600781290,2023-04-13 16:50:42.083446343,fa9fd0e2to2e90toce29to3134to661df826bd2b,pyaes-0-0.0.1
282,2023-04-13 16:50:44.765985068,2023-04-13 16:50:47.455356671,d4b2e847to562atocee3toe6b6to8b030c352c2b,float_operation-0-0.0.1
283,2023-04-13 16:50:45.438734150,2023-04-13 16:50:48.221270806,f25f7bb8tod9abtoc942tobc0ato949832ccf647,float_operation-0-0.0.1
284,2023-04-13 16:50:46.557690305,2023-04-13 16:50:49.792557201,27239db3to272ato4285to49d5to5971f113d3b0,image_processing-0-0.0.1
285,2023-04-13 16:50:50.632760321,2023-04-13 16:50:53.520157361,1adbffe2to3c98to3173to77f3to23e8f3d46f09,float_operation-0-0.0.1
286,2023-04-13 16:50:51.207771036,2023-04-13 16:50:54.016437224,24405bdcto4f3cto5250to72d1to1378954af08d,float_operation-0-0.0.1
287,2023-04-13 16:50:51.113736897,2023-04-13 16:50:54.337794573,97c54ee1todeecto1822tofa9fto4f7fef573f6a,image_processing-0-0.0.1
288,2023-04-13 16:50:52.134885051,2023-04-13 16:50:54.722836992,88ff4dd6to5f8ctoc692tobfe9to8633c0d21bcd,pyaes-0-0.0.1
289,2023-04-13 16:50:52.435858464,2023-04-13 16:50:55.112497654,ff72557cto2130to5032to6a21tof304b338f298,float_operation-0-0.0.1
290,2023-04-13 16:50:52.787850681,2023-04-13 16:50:55.363552500,963b9750toe74bto46dcto7833to40cf8bd2bc76,pyaes-0-0.0.1
291,2023-04-13 16:50:52.949841317,2023-04-13 16:50:55.527044311,c49655a1tob76ato7c25tob257to663f1ca1628d,pyaes-0-0.0.1
292,2023-04-13 16:50:51.602841692,2023-04-13 16:50:55.939271723,f6dddde1to4a10to4c87to27a8to8b3e11b51bf5,float_operation-0-0.0.1
293,2023-04-13 16:50:54.837860700,2023-04-13 16:50:57.284446015,ea3cff89toa89eto2cb2to5e22to968f8b2a0919,pyaes-0-0.0.1
294,2023-04-13 16:50:56.945775651,2023-04-13 16:50:59.080824968,c9928820tocae8to3929to95aeto577df2789338,image_processing-0-0.0.1
295,2023-04-13 16:50:56.535839680,2023-04-13 16:50:59.559265172,74fb9cffto6a21toe612to0f8ato4fc27ff7aeee,image_processing-0-0.0.1
296,2023-04-13 16:50:57.025889694,2023-04-13 16:50:59.647035171,a630d59etoec93toc692tof2cato7788dac77b00,float_operation-0-0.0.1
297,2023-04-13 16:50:57.145897961,2023-04-13 16:50:59.718049526,a962a547to2cd7tocaa9toe937tod597497021d6,pyaes-0-0.0.1
298,2023-04-13 16:50:57.777150371,2023-04-13 16:51:00.304729156,f0a1953ftoc3b7to7c32to8409toae6bb5ee8caa,pyaes-0-0.0.1
299,2023-04-13 16:50:58.142936343,2023-04-13 16:51:00.707957316,2468cbc2to1777to646eto00bbto7c5e00e897b5,pyaes-0-0.0.1
300,2023-04-13 16:50:56.709828130,2023-04-13 16:51:01.049141773,9e474af0to2fb6tob059toac1dtobb65d9895a50,float_operation-0-0.0.1
301,2023-04-13 16:50:58.756946561,2023-04-13 16:51:01.769038936,554b7b08todd46tobaf2to1333toec4a118ec9a1,image_processing-0-0.0.1
302,2023-04-13 16:51:00.834879673,2023-04-13 16:51:03.280279309,250fab84tobd07toc5b9to788eto76db8501c733,pyaes-0-0.0.1
303,2023-04-13 16:51:01.615808927,2023-04-13 16:51:04.065082492,7e460834toc436toe29dto6907to796e4751327b,pyaes-0-0.0.1
304,2023-04-13 16:51:02.263869194,2023-04-13 16:51:04.748017719,2a8f6e90toaf66toe8aetod387toc5e9ec064bdc,pyaes-0-0.0.1
305,2023-04-13 16:51:05.646925986,2023-04-13 16:51:09.983621008,fbf76095tofe66toa6d3to9f4fto9f7466df3d53,float_operation-0-0.0.1
306,2023-04-13 16:51:07.854909539,2023-04-13 16:51:11.067027656,87d4db12to86d4toa0a4tocd23to8cf89abfa880,image_processing-0-0.0.1
307,2023-04-13 16:51:09.191878988,2023-04-13 16:51:12.449500015,49893ae9to8bddto564dto19cato2adc43a04a19,image_processing-0-0.0.1
308,2023-04-13 16:51:11.333970547,2023-04-13 16:51:14.378515795,2165d825tod343to5142to3939to2c89a6767ec9,image_processing-0-0.0.1
309,2023-04-13 16:51:11.258854804,2023-04-13 16:51:15.606188741,7a172170to3c9etof9f8to4470tob61c0cb6aa16,float_operation-0-0.0.1
310,2023-04-13 16:51:14.649742882,2023-04-13 16:51:17.646882366,097e6dcetoceactob0b7to5cf5tob032bbab9bbf,image_processing-0-0.0.1
311,2023-04-13 16:51:19.602811907,2023-04-13 16:51:22.189010395,bd499972to92f2tof2cftod64eto454c90d7a8f0,float_operation-0-0.0.1
312,2023-04-13 16:51:19.515945865,2023-04-13 16:51:23.853373567,5cd0f0a9toe2b2to0d52toe419to0aa112945cf8,float_operation-0-0.0.1
313,2023-04-13 16:51:21.349842548,2023-04-13 16:51:24.063687925,deb65aadto3004to4efftof55fto982852452b61,float_operation-0-0.0.1
314,2023-04-13 16:51:26.326869804,2023-04-13 16:51:28.927884281,8eb2237dto308dto8ad6toc6b1to490829412a6c,float_operation-0-0.0.1
