success,function_name,was_cold,worker_duration_us,code_duration_sec,e2e_duration_us,tid
true,pyaes-0,true,2910481,2.7544984817504883,6280484,3690043dtoc4ebtod667to382dto4bc880fd1cdf
true,pyaes-0,true,3915950,3.749558925628662,9909828,a9e96ea8tof05ato2ce1toc080tob1e16bb67840
true,pyaes-0,true,3747981,3.593317985534668,9555666,629fcbeato0a57to3d7fto6a00toc80ea9395064
true,video_processing-0,true,13873232,12.87282133102417,19588962,aa26d60eto0cd2to75ectoa5c0to4a15589c92df
true,image_processing-0,true,2919173,2.789188861846924,7809847,aba8e4aeto3208tob665tob16ctof764b2af7ed8
true,video_processing-0,true,13324276,12.78299069404602,17371113,ae351f4fto3e1btodbfdtoc093toeaa3a0311094
true,video_processing-0,true,14235282,13.496962547302246,19111966,1812491etoce10to953dto4700to6cfff0aa0d00
true,float_operation-0,true,3748598,3.62689757347107,7132418,a037d82fto3c58tocd8fto5bc7toe6dbc88cebf4
true,image_processing-0,true,3441357,3.271584987640381,6672006,073a1966to0c0btoe89bto3186to61e8f42963f8
true,image_processing-0,true,2559827,2.4018654823303223,7131588,0e4fb8edtof3b2toecd1toa443toc7a1e557ec3c
true,float_operation-0,true,4834754,4.719419002532959,7933367,fc494e4btoe508toe4edtoda9btodd0011e95d53
true,video_processing-0,true,13108813,12.018306016921995,16148575,b2d28c61to0045to6fe9to45fbto49e84899ef74
true,video_processing-0,true,13354316,12.045634984970093,16468357,83cbea0bto91c4tob633to7590toc9e033422ec1
true,image_processing-0,true,2297539,2.177504301071167,5445201,e47df9d9to1360toec33to2ed6tocc34f4c992dc
true,image_processing-0,true,2245141,2.121349334716797,5680811,365c1e8fto13c1to7e12to4628to88e52b67f9ad
true,pyaes-0,false,3960492,3.958139657974243,3961809,b9878670to6bd5to7f74to17bcto6d8964a4211f
true,video_processing-0,true,14720899,13.503961563110352,17504631,18ff7091tob60fto077eto75d9to263a893795f4
true,video_processing-0,true,11912030,11.099640607833862,14729628,19261c6ctobcb3to1aebtoc182to57a667c6d185
true,float_operation-0,true,3685592,3.5220870971679688,6917949,82038099to899etoafa2toe7a2toa97dcaecde65
true,image_processing-0,false,2376766,2.3752377033233643,2378014,4ecb96b9to9406to12ceto8b8etode5b5bb5a5d9
true,float_operation-0,false,4543600,4.541714668273926,4545248,729766b6to6163to956dto9202to1424107ee19d
true,float_operation-0,true,2830733,2.726219892501831,3838231,0bb833a5to670bto8740to4d93tofdfe0112a250
true,pyaes-0,false,2618021,2.615687847137451,2619231,ba84fb7ato6b6atoc5e7toce8ctoc8b5ec43db3b
true,float_operation-0,false,4475302,4.473251581192017,4476852,e19fb46fto512btob615to0eecto0394546c781c
true,pyaes-0,false,2666241,2.66408109664917,2667408,77bff011to7e8cto6a61to76d9to8b7a8d8f9d99
true,float_operation-0,false,2754613,2.752586126327514,2755874,f00aaa46toda17tode05to2e49toc8cb007144e0
true,image_processing-0,false,2190377,2.1884398460388184,2191657,7d893322tof50ftob8d9to4880to9805a0f903a9
true,pyaes-0,false,4053527,4.051350355148315,4054940,02a33547to0b93tob2a1to22a7tob997edc42aba
true,image_processing-0,false,2192660,2.190655469894409,2194089,388d9caeto8c24toaa56to95d8to135c1205ceb4
true,video_processing-0,false,9461397,9.456929683685305,9462901,87a4336eto9778to0eb0toc136tof304028a0c2c
true,pyaes-0,false,4072411,4.070060968399048,4073944,8d3af2a9toe56bto694dtoa55fto48d0073cda12
true,pyaes-0,false,2664192,2.66190242767334,2665738,acce04abtodc56to7539to4f3cto876b2e30cebc
true,float_operation-0,false,4478484,4.476524114608765,4480014,3c485c93to6764to19b7tocc4ftoff3b1b772163
true,float_operation-0,false,2749281,2.747682571411133,2750713,5e9e37f5toe5a6toa5b6tof00dtob96d6f51c96d
true,image_processing-0,false,3008000,3.0059118270874023,3009507,29111b06to2a4ctobad1toc4fato394bee29b595
true,pyaes-0,false,2551093,2.5487847328186035,2552747,b9960d99to8859toa255to56a7toc1a45ccca033
true,float_operation-0,false,3647013,3.645331382751465,3648522,53a517fatof8fatoe6acto18a0to09b2efa88cca
true,float_operation-0,false,3421504,3.419454574584961,3423005,b2534c92toa24dto7e60to5fd7to9ac67fb69cce
true,pyaes-0,false,3031110,3.0291635990142822,3032439,3defaf1fto0f45to54a9tob165to3bc58e06bbca
true,float_operation-0,false,3822125,3.820059537887573,3823937,007c0ce0todc43toeeb7tob73fto6b94a7e52b10
true,pyaes-0,false,4063122,4.060863256454468,4064647,2fc74763to4744toc7e3tof888tod412ee99d65e
true,float_operation-0,true,2860762,2.7501673698425293,3865569,f71daa59to6038toa2f7to7d6cto40c4699c7456
true,float_operation-0,true,4769902,4.608845949172974,5926259,ae2341b1to6ceetocaaftoeac2to97547582b338
true,video_processing-0,false,9670146,9.666393280029297,9671420,979561cato64b4toec72to78feto094ca77142d9
true,pyaes-0,false,2647713,2.645458459854126,2648944,56d8d0bbto08d4toe45cto087atoedc57391ab03
true,float_operation-0,false,2853262,2.851361036300659,2854455,4ae3e259to1bbctoe7aetoede5to7c1debc153f3
true,image_processing-0,false,2118082,2.1160669326782227,2119370,5baf5264toecd4tob06dto712fto911fb1a8a8f5
true,image_processing-0,false,2012528,2.010667324066162,2013754,e26a81d7tod39fto00b1to3033to237707323c57
true,pyaes-0,false,4055987,4.054164409637451,4057417,2f5f55a0tod27dtofe77to31d0to4443c209f411
true,image_processing-0,false,2094999,2.0936028957366943,2096315,1a422867to74a5tocb03to11e4tob5eb12445233
true,image_processing-0,false,2077349,2.07588529586792,2078958,3944d8e4tobe72tob537toa937to970e18b6f516
true,pyaes-0,false,2894135,2.8922760486602783,2895639,3e4062d0to9ae1tofc43to11a4to3c71e43ab83a
true,image_processing-0,false,2413035,2.4111292362213135,2414582,0acd995etoe1bdto2cd6tofeactoa46e1cec9713
true,image_processing-0,false,3099728,3.097541570663452,3101106,bd54705ctof2bdtoc211toa329toadcabf69a802
true,image_processing-0,false,2336168,2.334300756454468,2337449,06f388c9to0731to701dto685btofb66bf6da123
true,float_operation-0,false,3129885,3.128041982650757,3131444,5510dec0to3f3btocb52to0834to2f9722157067
true,image_processing-0,true,2336439,2.158499002456665,3197517,c5546ecbtobc77toc36btocba8tof2a3344b47aa
true,video_processing-0,false,8246417,8.242029666900635,8247807,94cefce6toc805to9280to41c4tod89482cf750f
true,image_processing-0,false,2014190,2.0127205848693848,2015792,d6775983to8562to7877to45dbto990d61bf62bb
true,float_operation-0,false,2850821,2.848986864089966,2852377,5a6aa45etob582to416ftoc976to9b2f9ac4d157
true,float_operation-0,false,4389116,4.386938571929932,4390652,95798028tof7c9to181fto8f58toa2d47d056836
true,pyaes-0,false,4059475,4.057081937789917,4060980,8a7eebdcto250bto88f6to5c7bto3f407287946e
true,video_processing-0,false,8545298,8.54068374633789,8546844,66151610to7ee9to67e3to13f5to032844de97ee
true,video_processing-0,false,8924831,8.920182704925537,8926234,bdb9755dtocc51toc88eto0cb2to2f7169a9168f
true,float_operation-0,false,2876301,2.874746799468994,2877815,e0d8c515toc13fto1bf6toaf4etoa1c181b78701
true,video_processing-0,false,9360149,9.355491161346436,9361874,f9ec0829tob822tocd7dto0076to205370137e67
true,video_processing-0,false,10115067,10.111416339874268,10116330,fdeb051fto13dbto6351to324ctoc7e51a9b3af1
true,video_processing-0,false,9188255,9.183378458023071,9189621,c1e30104to3244to259fto09d6to0367b520cd5a
true,pyaes-0,false,4080406,4.078233003616333,4081620,e156548dto50a9to7f90to48d5toc82abfc05d14
true,image_processing-0,false,2272335,2.270358085632324,2273785,f45e629cto38e7tob6f8to1fdfto758d4537e953
true,image_processing-0,false,2140804,2.138752698898315,2142199,8570151dto24b5toe5d2to4192to34f29c8562c3
true,image_processing-0,false,3029916,3.027864933013916,3031354,eeec42c7to7c33to7591to44catof8b626126404
true,float_operation-0,false,3008971,3.0074949264526367,3010380,386b0262tobed2to04a3to39d0to73c1c65942e4
true,pyaes-0,false,3790909,3.78888201713562,3792277,46e9a03cto382btoab20toe181tod0d7248ea8b8
true,float_operation-0,false,3335996,3.3344998359680176,3337433,0be345betod5eato1d67tof923tocf13b34688c8
true,image_processing-0,false,2923341,2.9215493202209473,2924880,7b3a15fctobcb6to60f7to198ctob47f9028fa15
true,image_processing-0,false,3023452,3.021768569946289,3024816,ab9df355to51b2to55adto8ce0to68a5b5b52f20
true,video_processing-0,false,8705812,8.701986074447632,8707262,7b8c8860todfd5toc3f6tobc69toecbcc0684e00
true,float_operation-0,false,3225733,3.2238001823425293,3227017,08d829f4to6966to5f89tofdfdto6c39be6ca407
true,video_processing-0,true,73185220,72.49590682983398,74075878,7ebacbafto02a6to5b07tof9adto081032ca1a83
true,video_processing-0,true,11866802,10.537023305892944,13010975,4d337932toa37ato08detod30dto0555f40bbb28
true,image_processing-0,false,2355894,2.354042053222656,2357428,0106a75eto771etoddb7to98b0tof9c810a0c734
true,image_processing-0,false,2304157,2.3027398586273193,2305530,1af87fedtod248toaf43to76e3to65227d7fdd85
true,video_processing-0,false,8481033,8.47705602645874,8482405,499f86a4to2b2dto9abetoe649tocc62b1fa2414
true,pyaes-0,false,3014957,3.0131161212921143,3016406,d23a3dbfto4780to5088to7823tob7bb629af40d
true,image_processing-0,false,2338271,2.336822986602783,2339493,46d19b47to7b00toa8c6toce22tobeb0f66f478a
true,video_processing-0,true,95678090,95.26801109313963,96577803,cfeed2e7to6ab1to6741tocc76toa8ffd71d3e7c
true,pyaes-0,false,2997492,2.995461940765381,2998822,7f9a83fatob271to98b6tobe70toc79f00efcc03
true,video_processing-0,true,71567352,70.99066305160522,72470937,e84a72dfto3678to8e37tod829to9a6346acf717
true,float_operation-0,false,3059823,3.058506488800049,3061238,84202d23to5ceeto3c9atoa0a2to403b7f718aff
true,image_processing-0,false,2176100,2.174715518951416,2177257,2f004d0btof7c3to324eto60cbto6f2489f67565
true,pyaes-0,false,4070601,4.068192720413208,4071853,148a2145to87cbtofcf2to13eftob433140c5d26
true,pyaes-0,true,2703160,2.579624652862549,3591850,4bccfb09to01fato71b0to5b3ctod11c808ac43c
true,video_processing-0,false,10499192,10.49443531036377,10500735,1ed7afe3to614cto6e8etoe579to4bd9b41ce217
true,video_processing-0,false,8332282,8.327714204788208,8333780,9e95e17bto2976to7916to2936to4afa957fe9b5
true,image_processing-0,false,3012341,3.0101630687713623,3013778,1c739751to386ato6d0ato7fdfto02a32782cc16
true,pyaes-0,false,2587303,2.585463523864746,2588759,cc1d9b0eto7806to15a1tob4eato571621c5765a
true,float_operation-0,false,2883415,2.881404399871826,2884753,861d1eaeto338cto4031to9a88to56caf139e95a
true,video_processing-0,false,10208676,10.204015254974363,10210058,3bcd8663to0fc7to3b22toc018to98531f42362d
true,video_processing-0,false,8421376,8.41747760772705,8422870,3fc36050to0775to84dbtoc623to78984cfdd361
true,video_processing-0,false,8486803,8.48202109336853,8488286,0da4e208to7584to449etofe22toa285c1c987b5
true,image_processing-0,false,2147682,2.146076202392578,2149266,ddfbac99tocd0fto65efto1d8bto7ea121b77b9b
true,image_processing-0,false,3018782,3.016737461090088,3020226,5b7d824dto417fto863eto2e0ato22f3f483b0d0
true,video_processing-0,false,86571323,86.5682692527771,86572718,274397b1to3aa1to2760to3782to43d8d3845db5
true,image_processing-0,false,2127667,2.12564468383789,2129292,a0e5b5dbto4956to3670tocb6atoe66098e637c6
true,pyaes-0,false,2630925,2.6285417079925537,2632447,2a9ee348to1a8fto44f1toc49cto10ecc76e32b5
true,pyaes-0,false,2688500,2.6862051486968994,2690112,d05528d4toad11tof59fto73c4tod36244fd79f7
true,pyaes-0,false,4064213,4.0617780685424805,4065836,15de9d24tob7e4to2a85tof4cbtob5c492378aea
true,float_operation-0,false,3033646,3.0315747261047363,3035066,74db0cc4to3c07to483bto5153to7ac79ea97da4
true,float_operation-0,false,2880970,2.878969192504883,2882348,9b4d487dto0194to24a9tof5cftoc0cd1912a2e5
true,float_operation-0,false,2861089,2.8595802783966064,2862529,a6e54656todfd7tofc73tob44cto7d54ba77a398
true,video_processing-0,false,8843517,8.838812828063965,8845048,68274c73to3e4bto1e3cto07ecto70945be6e29d
true,image_processing-0,false,3018911,3.0167675018310547,3020257,9cc02eb1toa689to9ce8to487eto7cf90ed9d532
true,float_operation-0,false,3417917,3.415929794311523,3419446,057326e8to4899to2e8ato1b91to967cd5888ecb
true,image_processing-0,false,2129214,2.1271605491638184,2130644,14df1962to4c7btod449toba88to5ba4355c868e
true,float_operation-0,false,4560761,4.558761358261108,4562073,328eee80toc72ato5a5ctof43cto0285b4cd4725
true,video_processing-0,false,8648655,8.644383192062378,8650103,847b5963tof68dto7888tod6ddto08c3ba48f60e
true,float_operation-0,false,2933340,2.931701421737671,2934782,2874d187tod26etob1c3toe568toceeee8c20ca7
true,float_operation-0,false,2773903,2.7723498344421387,2775231,6bd973dbtoc0a1tobc0bto747fto4e1620da85a3
true,image_processing-0,false,2126553,2.1246018409729004,2127903,7c2aea2bto6f24toc226tobe38toe0e5bfcc23a8
true,video_processing-0,false,8863572,8.859251260757446,8865135,71a01683tof160to9ca4to3f98to1f7fde8e9712
true,image_processing-0,false,3010411,3.008796215057373,3011675,6779c019toef57to37f8to679ato12f6c02c33e2
true,image_processing-0,false,2065859,2.0641894340515137,2067293,371bd6b7to0f5cto58e5to7413tof5eaee4868ae
true,pyaes-0,false,4066578,4.064133167266846,4068220,1e3675bftoeb41to281dto6feato1a82b29648b9
true,video_processing-0,false,10025446,10.020204782485962,10026844,9d6b9b0btob2c1toae8atof7b0tocd393772e805
true,pyaes-0,false,2720088,2.717449426651001,2721798,dacf3f44todb11to90f7to03edto0d26980b2445
true,image_processing-0,false,2075950,2.0739147663116455,2077364,9544865etoea81tobc5bto84aato82d02dd50caa
true,image_processing-0,false,3044621,3.0423882007598877,3046108,82c38761to500eto3a02to5478toaba2fc805294
true,pyaes-0,false,2986890,2.9851667881011963,2988331,3c8cadf2to5eedto31d0to2229tod1656b53a99c
true,image_processing-0,false,2166080,2.163965940475464,2167352,27d3a9b7tocf51to99a1to96e2to53914ba688fd
true,pyaes-0,false,4073484,4.071062803268433,4074996,7007fd0ctoba0ftoaf1bto8b38to07e1478676d4
true,pyaes-0,true,2725597,2.5540871620178223,3502418,d214c32dto4f26to155dto4edbtof712c7ff25b1
true,video_processing-0,false,91122563,91.11916828155518,91123992,bd8160acto9dc9to499ftoc0f7tod7225e724d93
true,image_processing-0,false,3017110,3.0149402618408203,3018613,37840a8eto8814to6056to846dto2f1cae9f30b8
true,pyaes-0,false,4065108,4.062788724899292,4066593,50607595to7133tod5a1tob3cetoc1e085d2dd45
true,video_processing-0,false,8526434,8.521817207336426,8528039,899e18adto0512to8e8ctof9c7to2d09ffd1c7c0
true,image_processing-0,false,2119953,2.117966651916504,2121415,c9b68a00to710cto5223to3adbto3d1bc33e64ea
true,video_processing-0,false,9008047,9.003597974777222,9010023,0a6e8e27to3738toe1b6to3106to6ce4140651dd
true,image_processing-0,false,2078744,2.0767953395843506,2080303,45eea13dto77b0toca6dtod6d7tob1a6a71b2968
true,pyaes-0,false,2559252,2.5569403171539307,2560815,e32d1072to818atoa2f9to7734tob7177868a774
true,pyaes-0,false,4062484,4.060712814331055,4063982,3f44e30dto6c0cto5f60tob101to14b0ee586e40
true,video_processing-0,false,89959993,89.95644450187683,89961407,a3c81355toc965tob7c7to1ae0to7314ad6e0a83
true,float_operation-0,false,4519390,4.517318248748779,4520994,25936908to8374to6205to11fato7f6ea13150e0
true,video_processing-0,false,8345709,8.341929912567139,8347156,8d7faa62to38cato795atobad4to67a9ff5a4e21
true,float_operation-0,false,2722602,2.7206027507781982,2724114,91d233a8to18e4toa211toc5a1toa86f671bcc1a
true,video_processing-0,false,9160599,9.156080722808838,9162005,0ead05aetoa3e1to9f65tod78fto3afdcf806410
true,pyaes-0,false,2510040,2.5078125,2511235,cf8193a3tob3edtocf24toa3b7toce6e68b5c0f1
true,video_processing-0,false,8574940,8.57039475440979,8576486,01821f19tofb84tob0eeto3365toecb4868a8124
true,image_processing-0,false,2094802,2.092834711074829,2096367,5a7f8e47to0b9ftod754to3323to3bb7c46158c8
true,pyaes-0,false,2532995,2.5312163829803467,2534144,ec4feb35to0049to8a7eto4ccfto09d480476508
true,pyaes-0,false,4070175,4.067856073379517,4071654,ca527768tob659to9acatoc46etofe2406c8ad0b
true,float_operation-0,false,4550138,4.548062562942505,4551761,666d1874to3795to0ffeto6960to2f694fc89d32
true,image_processing-0,false,2518676,2.5165505409240723,2520095,7dc76328to215dtodacdto89b8toffb8b477316a
true,float_operation-0,false,2899572,2.8976399898529053,2900864,f3167230to6b46to689dto1907to8da7832de614
true,image_processing-0,false,2230075,2.228142023086548,2231459,fc29123dtoc095to9c86to13a7tod22a50d64dfa
true,video_processing-0,false,9645932,9.64134645462036,9647430,e5814292to1eeeto226dto62bfto1932e06c1c76
true,float_operation-0,false,4648396,4.646306276321411,4649867,80b33861to75deto2854to0da1tob6ae0159f58b
true,image_processing-0,false,2814686,2.8132035732269287,2815943,40e0f99fto892cto61fftoe6f2to1d9fbe78e720
true,video_processing-0,false,90969116,90.96527075767516,90970634,9503409etofa82to0282toeeccto051305bdd0ee
true,video_processing-0,true,11163481,10.198723316192629,11977354,465e6e67to5815tob34ato4e7etoeebde086f16d
true,pyaes-0,false,3822200,3.8205878734588623,3823792,0e23a1f2toc81fto0afeto3ee8tob524b2fa51d2
true,float_operation-0,false,3411861,3.4098589420318604,3413333,1ee49b42toc558to5e18tob2c7to50b6876e8eb3
true,image_processing-0,false,3009306,3.00784683227539,3010634,f60528ebto4245to8672toc77eto4b7277d8e08b
true,video_processing-0,false,9019660,9.01692533493042,9021297,2b625c9fto8d32to48e1to2dcato49567f316e57
true,float_operation-0,false,4532244,4.530359268188477,4533790,f37a89b6to41b4to4f63to3afdto4733c18d8788
true,float_operation-0,false,2798787,2.79675817489624,2800308,3d623773to551bto1a0dto64a2to026e4c5ff5dc
true,image_processing-0,false,3027935,3.026141405105591,3029384,a8a927a2to0ca0toc12dtoc2aeto5cbca3c1b4e1
true,pyaes-0,false,4052630,4.05080509185791,4053964,c9c78169to55ectodd68to8c80to51be6858a66b
true,video_processing-0,false,7698759,7.694233655929565,7700269,964fdb09toe498to0203to85e8to8e624cb7f508
true,pyaes-0,false,4065482,4.063153505325317,4066907,58125d70to8fb0to423btoa64etoe1f231034c8b
true,pyaes-0,false,4078918,4.076555252075195,4080367,07236cddto309dtoee9bto0f72toa8a9aa77aadd
true,pyaes-0,false,4050737,4.048899412155151,4052220,f9890a58to530etof918to3c80tobe1e796db4da
true,video_processing-0,false,87232042,87.22698283195496,87233476,7687a6b0todaaatocba8tocc1atoc30171a35bfd
true,image_processing-0,false,3015567,3.013481616973877,3017083,591a89b0to8273toacbfto05eato1c5bbfc49cba
true,image_processing-0,false,2188724,2.186642646789551,2190334,742d0acato27cbtod99cto0f64to41cc0802f6d9
true,image_processing-0,false,2191383,2.1894145011901855,2193175,af182acatoe913tocc98toef85tocc409c57137c
true,float_operation-0,false,4550669,4.548996686935425,4552309,85e57a82to5c5btofc5eto109fto4fc71c6705a1
true,float_operation-0,false,2776102,2.774137496948242,2777480,b6746b8ato0b54toedaetobc82tob5d6c73b28b7
true,image_processing-0,false,3006211,3.0046164989471436,3007757,9ef4a03dto6bebto0bdfto9992to1e15fb57e9bb
true,float_operation-0,false,4616532,4.614733934402466,4617959,924a937eto30betob951tod0a4toea5d9ed60abf
true,video_processing-0,false,8646798,8.642418146133423,8648336,1eaffd25to668ato8937to99e0to1fbe50c8a420
true,float_operation-0,false,4533283,4.531272888183594,4534756,09746c5ctoe9aeto4c1etoabdbto6a944d98a2e4
true,video_processing-0,false,8627564,8.62344241142273,8629015,f62dc5a6tof5c0to8d66toc86dto748b6f835b06
true,video_processing-0,false,9714930,9.70979642868042,9716429,12261908to569cto3650tod69dtoe7b37c787d2f
true,float_operation-0,false,4622432,4.620413064956665,4623827,fbe8f345to0567to2164to116eto7c62fde13ef4
true,image_processing-0,false,3020043,3.0180418491363525,3021471,467e2af5to1462to4e6cto94dcto4e2aaceb2df8
true,video_processing-0,false,8365195,8.361310720443726,8366665,3a57f13fto60b1to5c27toebeetod82cc62dfb03
true,float_operation-0,false,2755813,2.753920793533325,2757233,70851a13to2f64to743eto7c6dto7589f3c9a3c6
true,pyaes-0,false,4056908,4.054530143737793,4058374,994d59d8tod0e5tof008to73c1toa33f06dc92f8
true,float_operation-0,false,4544426,4.5425474643707275,4545814,ec20b137to581atoca6atoe4edtoea385ea32aa0
true,image_processing-0,false,3015424,3.013360500335694,3016955,97572cafto6875to1db8to7832toa94045c2c4b1
true,video_processing-0,false,8132910,8.129700660705566,8134487,00adbf1bto8c35to95e6tof2fbtoe62b0ab05715
true,float_operation-0,false,4624559,4.622605085372925,4625954,f9f169e4to75e2to4a30toa171toba5eed622eea
true,pyaes-0,false,4057234,4.055154085159302,4058782,8ba036f9to9192toa20etocddetoc9230dd4fa28
true,image_processing-0,false,2136019,2.1340320110321045,2137561,4d656951to6954tob2e1toaf00tof30459183b2d
true,video_processing-0,false,89305343,89.3020167350769,89306734,52625457tode85tobe28tod88btoe2483545b01c
true,float_operation-0,false,4519919,4.518074035644531,4521365,f2ef9cbdto56a0tof709tofd0ftof065c679c5b6
true,image_processing-0,false,3044071,3.0420291423797607,3045597,ebb7a326tob438to4e38to8be7todc8b9f70d8ff
true,pyaes-0,false,4074493,4.072213888168335,4075821,7c07dadctodef0toae54toe35etof649c498c160
true,pyaes-0,false,4068172,4.065926551818848,4069616,16beb240todffato76a5to6c4etoc71abb6bd1df
true,float_operation-0,false,4324639,4.322573184967041,4326164,3e8858d9tob276to8a16to80b3to480cd0adc3b2
true,pyaes-0,false,2600422,2.598233222961426,2601827,5f9eed08to1c6eto0fceto21b6to05b8753b9545
true,image_processing-0,false,2097981,2.096215009689331,2099296,3af6ff21to0928to5108to7062to89b77d47bdbb
true,image_processing-0,false,2094244,2.0923104286193848,2095698,00da8e9bto1aa2to0e9etob36btob0f41b511d82
true,pyaes-0,false,4057764,4.055425643920898,4059212,fcf40d42to0566to8324tob47eto5c9e2677895f
true,video_processing-0,false,7791531,7.788349151611328,7793057,6d9cfaabtoe01fto9d29to57b1to897d03bf3fd8
true,image_processing-0,false,3199557,3.1980080604553223,3201114,07ba453ftoc7adto091ftofdeatof166f36aed4b
true,video_processing-0,false,85036055,85.03219175338745,85037190,b52bfa4bto03beto8310to7df4tod8217eecd35d
true,video_processing-0,true,9257402,8.523695707321167,10143037,f3310fa6to567btocf21tob80dto4dfbadb33477
true,pyaes-0,false,4070403,4.068214654922485,4072023,40122158toad78tof903to77b8to8dbfd0798708
true,pyaes-0,false,4083017,4.080810546875,4084373,bf1edcaetoc929tof2fdtoe7c7to614a562bb122
true,video_processing-0,false,8627124,8.62368893623352,8628603,9a7de92cto91adto397dto288fto90690aad1dc8
true,image_processing-0,false,3016747,3.014861822128296,3018280,b7c016bbto42b2tocf5atof56atoe54c622b3640
true,image_processing-0,false,2143316,2.1413238048553467,2144645,a8fc99a4tofd83tob2abtob9d9to7407c6cee4a1
true,float_operation-0,false,4367358,4.365396499633789,4368696,e3c7ae13to1bb2to4471to3537to233538f23edd
true,float_operation-0,false,4552024,4.54986834526062,4553475,3c9af005to3eedtob21cto7261toba4cf0c8fd81
true,image_processing-0,false,2183555,2.181508302688598,2184967,8ebbfa27to039dto3246toa78ftocb69aa00ae11
true,pyaes-0,false,4054703,4.052266597747803,4056162,d9ef5d32toeca1to9d5btocf3dtocb9987916159
true,float_operation-0,false,3028128,3.0260612964630127,3029625,96b3a29cto3c05toc4c8toafafto5afccdd4c264
true,pyaes-0,false,4080747,4.078918933868408,4082055,d8fee15atob7e5toc0c2to9bfeto5f542f7cc94f
true,image_processing-0,false,2060770,2.059210777282715,2062095,916d7272tod64ato45f4to8618toac1ad6ff9241
true,video_processing-0,false,8958217,8.953694820404053,8959769,4b648f92tob3d7toa6eato15ddto8475b8cd866e
true,image_processing-0,false,2164631,2.16271710395813,2166112,463e9968toa1afto573ftod555toaa10d69c31ee
true,video_processing-0,true,9817522,8.732669115066528,10666502,e0370c3cto60b6tob5ddtod5a3to9177952536e3
true,image_processing-0,false,3018126,3.0162055492401123,3019760,1f1ba449to6cddto0466to0360to88826d8215e3
true,image_processing-0,false,3016969,3.0152740478515625,3018335,b7e428f2to4f3fto24f7tob2catob6057bbb9602
true,float_operation-0,false,4527743,4.525776386260986,4529150,1fa57882to1e15to6a48to1c29to4b7f3534896d
true,image_processing-0,false,2163540,2.1620142459869385,2164789,579940e7toe2b7to134eto6637to4db0858fa6d4
true,float_operation-0,false,3007842,3.006058931350708,3009331,cdd13352tobaa7to9ec1to5240tod814b87155c8
true,image_processing-0,false,3011945,3.0098042488098145,3013310,835cf95fto633bto140ctoe731to94566f13c8b0
true,pyaes-0,false,2656075,2.653831958770752,2657377,c398d3e3tobfa2to31dctoe1e1to8d0f2984efad
true,video_processing-0,false,8312713,8.308167219161987,8314243,16226e96to4be8tobacftobe90to9ba2767026ab
true,pyaes-0,false,4061906,4.06019139289856,4063220,64a2a2cetoc881tof885to8458to6f41873863c1
true,pyaes-0,false,2696253,2.694126844406128,2697420,53827ebetod021tod80fto6fe5to09c5d95a2d35
true,video_processing-0,false,47704795,47.701072216033936,47706263,1688cd0ato40a1to9f6ctodf2bto4fbfee985fa5
true,video_processing-0,false,9540502,9.535500288009644,9541957,03e09a29to354ftoe8c3tod76dtodb7d0cc0a741
true,video_processing-0,false,10001813,9.99746870994568,10003208,10b7933fto03eatob4f4to189bto3a95d9e2af8f
true,image_processing-0,false,2411433,2.4097747802734375,2413050,64f331d0to26f8toe657to1e08toa52e2976a0ba
true,float_operation-0,false,3419061,3.4173078536987305,3420404,07ce2fa6to4c5ftoa52dtoaa68toa3f44ebc43c3
true,video_processing-0,true,10954330,9.944052457809448,11808963,01dc3152to279ato6cd5tod432to85e1fdaa4e22
true,float_operation-0,false,2952943,2.951077699661255,2954150,610e98f1to21a5todeadtod585tod46e440c7101
true,image_processing-0,false,3024884,3.0228238105773926,3026318,ae3f8714to373etocc3eto5b1ctod9824c85a450
true,pyaes-0,false,4053693,4.051401376724243,4054880,cc792173to9162to73adtocddeto18254e46a867
true,image_processing-0,false,3011013,3.0088753700256348,3012239,5360160dtoaf05to3187to9906toeb79b97fa326
true,float_operation-0,false,4357108,4.3552772998809814,4358549,645ff7b5tod605to5712to85f0to4e65c2ce111b
true,video_processing-0,false,8613995,8.60947036743164,8615359,5c5f25a2to2334tobb4fto9beetobc0d9e1fffe4
true,image_processing-0,false,3004614,3.0026230812072754,3006093,f0a20dcbtod163to9ef0to3900to17907c360e1b
true,image_processing-0,false,3011995,3.0101218223571777,3013463,d2a7a1b1to6ff4tof534to4c8etoae418f19a5f5
true,float_operation-0,false,4319466,4.317554235458374,4320828,db85a8a7to1c82to5753todcacto5fc3cb7ce170
true,video_processing-0,false,93428103,93.42297506332396,93429590,3bec2edfto9519toac42to1b73to2ab29968e762
true,pyaes-0,false,4070463,4.068824768066406,4071770,c761917dto7ffeto91dato64e0toa56c3017244d
true,float_operation-0,false,2990651,2.988659381866455,2992032,abeaa139toe2a0toe771toea12tod97169b05a8a
true,video_processing-0,false,8070849,8.065882444381714,8072181,13e71e43to7deftob7adtoc41dtob7f2c2f40671
true,pyaes-0,false,3711036,3.708840847015381,3712353,08c66917to11c6to1e61toc9b6tod7af7de27f26
true,pyaes-0,false,2804398,2.802182674407959,2805894,8bdc0cd2toded6to4836to292ato089bcb6cafdf
true,pyaes-0,false,3359197,3.357071876525879,3360737,ef0ebe37to578atoade8todc1fto58bf8ccc3b85
true,image_processing-0,false,3004195,3.00219988822937,3005614,a49b8b4fto8dc0to7b82to5f72to9652f41ec9ca
true,pyaes-0,false,2833344,2.8311104774475098,2834822,a7010584tobc67tob4f7toea6bto6a192cbbcc80
true,pyaes-0,true,2592133,2.4874730110168457,3496661,fdbda14etof02eto9727toe8bato6cb6aeb4130d
true,video_processing-0,false,8724226,8.720192193984985,8725639,516893feto2201to8732to0ca7to47263c3b2ab5
true,video_processing-0,false,10294441,10.28958249092102,10295811,56416eadto1ec9tod60btof112toe4aad06d08e0
true,video_processing-0,false,8284987,8.281021356582642,8286226,1a382563to2e40to17cbto165eto775c99ef192d
true,image_processing-0,false,3021675,3.019840717315674,3023017,5aab8d79tof0dfto1899to991bto361ee347825b
true,video_processing-0,false,8717368,8.712635517120361,8718810,09fb1caftof56atof99btob23cto08f82a8d7e74
true,image_processing-0,false,2698129,2.69624924659729,2699777,623e5856todd2atoa305to85d7to0418a2f7bffc
true,image_processing-0,false,2646599,2.6446022987365723,2647959,87d575feto0dc5tof391tod7c6toc9b952313fe7
true,image_processing-0,false,3023501,3.021433115005493,3024947,14879187toeb2ctoe4e6to822dtocb2094aa5917
true,video_processing-0,true,88314283,87.55629110336304,89181910,3daec250toafa4to1a34toca39to7c8e206268a9
true,pyaes-0,false,4024260,4.02171516418457,4025774,5cbd9103tob9c2to8fb2to4e88to6c136577d217
true,video_processing-0,true,9135988,8.382652997970581,10145291,3c4c2e0dtod930to4541toce9cto0af024291a8a
true,pyaes-0,false,2998379,2.996451616287231,2999437,45617988tode13to3f78to3313to88afc886bd37
true,float_operation-0,false,4362133,4.359926462173462,4363464,d911f8aetof097to67f9tobcd3tof5f352193957
true,image_processing-0,false,2097055,2.0951473712921143,2098456,6857858bto7297toafc5to0daato97ab52a8ccc3
true,image_processing-0,false,3255443,3.2539031505584717,3256989,d486dc87toa631toc7d0tobb6dto40734eb9d70e
true,image_processing-0,false,3011918,3.009835720062256,3013343,28077944to6b9btoe57cto342cto1451dfb9ef1c
true,float_operation-0,false,3022740,3.021186351776123,3024100,1e010e85tod88ato538dto114dto6cb537db33f5
true,image_processing-0,false,3021052,3.019007921218872,3022599,72334203to09b3to4a0ato147btoaab0927ba19c
true,image_processing-0,false,2080847,2.079430341720581,2082342,b46744cfto4a11to4324to1fffto5239321901b5
true,video_processing-0,false,82004655,81.99950098991394,82006029,ee49f5eftoe56bto8eb8to219bto35dc463fabf3
true,pyaes-0,false,4032459,4.030135154724121,4033961,9b47c4f0to98f6to961eto9692to60ec27a1d887
true,video_processing-0,false,8159076,8.156200170516968,8160631,582a946btof895to907dto290ato70b6bd6fbcba
true,video_processing-0,false,81712916,81.70807719230652,81714316,1770d807to882eto6da4to6c20to580d2d372f38
true,float_operation-0,false,4383996,4.3818745613098145,4385578,a399cdccto2545to9126to4304tofed6a04a116e
true,pyaes-0,false,2644674,2.6424028873443604,2646220,51dbc012to7bffto8e53to5f6ato339896bb661d
true,image_processing-0,false,2033105,2.031172275543213,2034472,a9ede098to9d09to4c01to9a2ato3438a7dea321
true,image_processing-0,false,3014100,3.0119524002075195,3015662,8ba5d44fto203dto9c63toae64to5fbdbf98029e
true,image_processing-0,false,2077497,2.0756750106811523,2079037,b9098223todd3cto4ac4to91ebto3627b04fe0e9
true,pyaes-0,false,4046801,4.044434547424316,4048210,fe514475tof2e3to5654to7ebdtocb4440bcacc8
true,float_operation-0,false,2964595,2.9625961780548096,2966111,88f1fd4ftocbe9to6daato97fato83c617db3b62
true,pyaes-0,false,4060020,4.05774712562561,4061437,e0c1d438to2addto975eto0102tobf20d5819484
true,video_processing-0,false,8271314,8.26808762550354,8272749,31b2e311toc2detod769tof1f8to847c511375bf
true,pyaes-0,false,2569095,2.567101001739502,2570453,b9f635d0tod3e9toec57to6feato853fafd7c811
true,pyaes-0,false,4019273,4.017596960067749,4020932,2dc28489to7db1to4c4bto34feto9c28a7ac5138
true,image_processing-0,false,3010999,3.009321689605713,3012333,07ce55ebto5142to78a3to3c9btoeb3f8af52a11
true,float_operation-0,false,2900730,2.8988208770751953,2902011,2c4b2b76toac1cto0888tocda9to9cbe10d3bd0b
true,image_processing-0,false,2103176,2.101231098175049,2104348,76aad91bto8bfctoecc1toe4b2to218f9f317a81
true,video_processing-0,false,8829199,8.825275421142578,8830522,20d9e887to54datod3f5tof96ato00c2484d4b11
true,video_processing-0,false,9473627,9.46838116645813,9475095,0652c77atod8f0to43c6to1772to2e52e5dd5fe2
true,video_processing-0,false,8058640,8.054057359695435,8060186,01b2619eto6f33to54b1to61ebtoa1d7ca8829bf
true,image_processing-0,false,2002647,2.0013163089752197,2004126,ee644a4fto2b09to26aeto4696to2a3129aec323
true,float_operation-0,false,2960269,2.958294153213501,2961588,d3a9777dtoabc6tobbf3to28edto6950e8dc5694
true,float_operation-0,false,4622223,4.620326042175293,4623604,e1a52b4fto59b1to1880toc099to4f40d135ce68
true,pyaes-0,false,4024740,4.0223283767700195,4026203,dd874efato3c34to7919toec64toeaf5b98a83bc
true,pyaes-0,false,4055372,4.052928686141968,4056800,a03c0d9ctoee75toa5aeto8b05toc7f401231b8e
true,pyaes-0,false,4052386,4.050292253494263,4053818,382b5e12toe52fto595etob95bto9c3afdf5bdf2
true,pyaes-0,false,4091657,4.089325189590454,4093095,3f1663c3to5bbbtoda76to178atob98be0276bd2
true,video_processing-0,false,8051654,8.049107074737549,8052896,2abd7606to1f40to153eto92a7to34d04defcf82
true,pyaes-0,false,2701033,2.6988680362701416,2702437,66206d24to5823tod3f5to4ac2tod3a873d9297d
true,pyaes-0,false,2660412,2.6581168174743652,2661817,58b6d2f4to2906toab18todeb5to3353677649ff
true,pyaes-0,false,4020281,4.01821494102478,4021662,1e0f9debtode6fto2c24to3a92to7710c70797ea
true,float_operation-0,false,4654298,4.652238607406616,4655669,4127ce05to3e8btoc57fto7bc2to3804750f5f22
true,pyaes-0,false,4046383,4.04402494430542,4047853,910e800ctoe0e9toe029to7426toe927f6366df9
true,video_processing-0,false,7707560,7.703009128570557,7709009,10a441feto72a4to1d5dto34e9to7f130db5dee3
true,pyaes-0,false,2529853,2.5281782150268555,2531254,e38425a0to4a2dto35b5tode0cto9b668c6e24a2
true,pyaes-0,false,2600977,2.5987043380737305,2602357,bf235037tod8d2tobe71tobef6to220b3967a4d5
true,video_processing-0,false,9658063,9.652703523635864,9659471,a8e45af4to02beto2a85tocbc4to3b0479107d0e
true,pyaes-0,false,2475649,2.473842144012451,2477177,1d4f939cto6448toc6e8to9c5fto5715b974eaa8
true,video_processing-0,false,9852531,9.849125623703005,9854063,25ec53f1toa015to7455toebeato38b46f46d8aa
true,float_operation-0,false,4653630,4.651505708694458,4655088,31b0438bto2904tocd57todb0bto4b27cf023441
true,video_processing-0,false,11365437,11.361715078353882,11366739,fed5e731to7e22to5e6atoe606to2eab77ca0890
true,image_processing-0,false,2123766,2.121697187423706,2125276,744bc874to4835todddatof2ccto7d30ad5c918d
true,video_processing-0,false,11365327,11.361326456069946,11366825,6e1146c6toaa5ftoaae7to792eto63873a7036ee
true,image_processing-0,false,2031683,2.030160427093506,2033226,d441a942toa11dto9cdeto18f4to2e2fce008bfe
true,image_processing-0,false,3022913,3.0210728645324707,3024228,2ed9097eto2a13to36d3to59f1to9f5002922063
true,video_processing-0,false,9506048,9.501651048660278,9507663,2faefd1dto863cto014etoaf0dto6ddd1cc3cc2b
true,float_operation-0,false,2911046,2.909090042114258,2912484,12be9967toe60btoe394to12b0to4c57ede8bb0c
true,image_processing-0,false,3007424,3.005643367767334,3008954,1cd6decbtoe3bato9ad9toc052to14062c3a1f50
true,video_processing-0,false,8289276,8.286010265350342,8290605,1e09ad58to4fbbto80f2to90a5toa83449bc73f0
true,video_processing-0,false,8508267,8.504584789276123,8509798,9ecfb598to9eb6to1c77to9505tobee2290fce4f
true,video_processing-0,false,9475719,9.470824480056764,9477304,ba9f98d5toc22ctod616toc093to5a94096a0035
true,video_processing-0,false,8020327,8.015638828277588,8021793,479a7214to3302toe184to2033to4d73ac058527
true,float_operation-0,false,4640300,4.638187885284424,4641647,2e6267aeto5ec2to03c6to234atoe84adfd5d0ac
true,video_processing-0,false,10448883,10.44386863708496,10450485,805ca08eto33b0toc409to5f9dtob4f4bb2b662c
true,pyaes-0,false,2706147,2.7038583755493164,2707690,c4db151dto0e14todfd1to9c71to9710f0ce6ad9
true,pyaes-0,false,2726823,2.724520683288574,2728301,80265220to1280tob4a9todc50to5cf9eac96d3e
true,image_processing-0,false,3011180,3.009028673171997,3012541,ff004a74to72a1toc94eto1ad3to3d5b8aa9e356
true,float_operation-0,false,3059435,3.057314395904541,3060850,57231245to2108to7182to3ac3to725397034fea
true,video_processing-0,false,9415786,9.41114068031311,9417145,d46f60datob9dcto320etocec7to1711f4f6a55a
true,image_processing-0,false,3025858,3.0239226818084717,3027347,5099bdfcto9cb5to1008tofa24to88083f723abb
true,float_operation-0,false,4646836,4.644850492477417,4648247,cdecc2c6to8f17tob424to2055to2d6d89da27cf
true,pyaes-0,false,2589103,2.5872199535369873,2590567,3d8f23a3to188ato8ab4to9fecto68de9bb938d2
true,video_processing-0,false,8300196,8.297680616378784,8301639,4de9f74bto7ce0to51a2to1f5ftoc76f43bbe6a1
true,float_operation-0,false,2879079,2.8774149417877197,2880547,a2b4ad08toca8ato086ato2e3cto00984ad5da9d
true,image_processing-0,false,3022826,3.0211868286132813,3024300,4e82fcfcto090etob77cto9cbcto0f81bf2a80cd
true,pyaes-0,false,2641513,2.639270544052124,2642724,2fdb242eto5352to73b7to73ddtob907fb8e710c
true,video_processing-0,false,10133521,10.130211114883425,10135105,149a23c8to9b1ctoecc3toec0ctoc7a2d2e88a9a
true,float_operation-0,false,2693248,2.6912271976470947,2694711,855ccdaeto5692to86d3to740fto31e9f594eb67
true,video_processing-0,false,10342847,10.337698698043823,10344294,ead648efto2e30toded7to4dc7to1bdf412dd175
true,video_processing-0,false,8703558,8.699059247970581,8704920,ed05f722toda91to1d7dto039ctob3eec0ffb31c
true,float_operation-0,false,2708723,2.7070648670196533,2710222,d50a9836to217ctoff8bto2b11to9c6614741135
true,float_operation-0,false,4629015,4.626921892166138,4630569,65f643e2to3276to21cato422etod09bc2081bcd
true,float_operation-0,false,2906166,2.904184579849243,2907619,15714283tof6e9toa0c0to9e49to19a1fd95630c
true,float_operation-0,false,3393314,3.391448497772217,3394770,9f8397f4toe6dato247bto7b39to4d5f54f58ab6
true,float_operation-0,false,2895033,2.8930187225341797,2896618,78519df4to793fto3ebftoc08dtob845056765b1
true,video_processing-0,false,8348649,8.34485650062561,8349959,fd6f223eto0cafto533eto5866toe876a93f0f26
true,image_processing-0,false,3069422,3.067492961883545,3070994,771da192to38a9to9385to5f5ato92298b6ff9e0
true,image_processing-0,false,3020300,3.0182900428771973,3021630,47d70076tobf16to3952to06e1to627f9d003ae0
true,float_operation-0,false,4526353,4.524229288101196,4527774,7ead882dtoec67to9edbto74a2to91fb29dbe20e
true,pyaes-0,false,2619294,2.617051362991333,2620734,7602f6cato9fd3to2899to1c46to1e4f28706318
true,pyaes-0,false,2696952,2.6947081089019775,2698300,ae61f8b9tod7f8to41efto7cb0to1772e2a444bd
true,image_processing-0,false,2193715,2.1921355724334717,2195180,1950df01toc0ffto7eafto6675toe522c8044629
true,image_processing-0,false,2155605,2.153676271438598,2157196,24a0135dtoec54to1cd2tof92dto3ffd0b2900ac
true,image_processing-0,false,2146996,2.1451075077056885,2148524,c813ca28to775cto4c53toca6dtoe35ee189d7cb
true,image_processing-0,false,2028262,2.026582717895508,2029768,8f8f9ec5to21c6tod897to2b8ato63fefb83baf3
true,image_processing-0,false,2013675,2.011627435684204,2015130,113d4428tob958to4ce8to2964to0ad1d7ee593f
true,video_processing-0,false,9474827,9.47043752670288,9476219,1c44f247to24f1to77d1toed5etobe0b057e8508
true,video_processing-0,false,86424078,86.41889452934265,86425557,292aefa7to04edtobbd4toa2aato9e797e3057e8
true,image_processing-0,false,1996770,1.9947516918182373,1998236,f15af8acto4bd4toc524to66b8toba7adc5b9fdf
true,float_operation-0,false,4537567,4.535649538040161,4539092,76a5d78fto408fto27c9to58e8to372e65320f07
true,image_processing-0,false,1956989,1.9552557468414309,1958285,d558dbfcto7cf4to314bto0a22to615bdb140dc9
true,video_processing-0,false,8109357,8.106269359588623,8110965,cb698035todac6to1fccto02eeto6da3506282cd
true,video_processing-0,false,8572639,8.568406581878662,8574235,e18e5dddto08b0to5b86to64a0toa86ce8998053
true,image_processing-0,false,3019184,3.017348051071167,3020794,07e40483to4ec1toc2datoa455to66659c54aa4d
true,video_processing-0,false,10209857,10.204284906387327,10211204,f037cc24to2755to4263to563btoaedff23a70c0
true,image_processing-0,false,3006282,3.0041775703430176,3007782,50f05a44to45c4to9385to0ed6toe15e1606cb23
true,pyaes-0,false,2598418,2.596251964569092,2599988,89d40a74to1f34to8d98toa4c0to7f991fd99052
true,pyaes-0,false,2619065,2.616802453994751,2620529,4391503ato4e4dto99f4toae67toe61e80ebc113
true,image_processing-0,false,3307092,3.305203676223755,3308793,776ff180tob072tof1f6tod1e1toe1cd20821fdc
true,float_operation-0,false,2806265,2.8043320178985596,2807774,6c3d6619to352cto3ee5to4699toc9d459c2567f
true,image_processing-0,false,2060799,2.0587844848632813,2062272,e02f1167tod829tof8b5to3a02to4a911449e51d
true,pyaes-0,false,2545817,2.5436275005340576,2547305,5c458de0tod4a4tocfd6to6a99to40d48bce55e4
true,float_operation-0,false,4669138,4.66705322265625,4670595,bc460f10tof6ddtob682to1557to55f070c6e840
true,pyaes-0,false,4081670,4.079397201538086,4083151,06a74456tof964toc6d8to1ab6tobe84eb44a72a
true,image_processing-0,false,3039307,3.037954568862915,3040557,8225d071tod967toc5e4to940btoa348af79c031
true,pyaes-0,false,2548043,2.546124219894409,2549392,8387745fto0878to37b0to978fto094cccb507be
true,float_operation-0,false,2840981,2.8390746116638184,2842551,3b657f59toe98bto7713to7cf6tobc7d80528691
true,pyaes-0,false,4064959,4.062642335891724,4066331,2b8a2ac0to7df0to7711to7538tod7505be36e13
true,pyaes-0,false,4017910,4.015652418136597,4019313,5ae5d8a4to32dctoed4dto9a2ato2b2a8addef68
true,pyaes-0,false,2610568,2.608391284942627,2612020,909da240to7440toa939to8f21tocbe95d9320e1
true,float_operation-0,false,3370546,3.3688695430755615,3371848,86a98b78tobc6ctoca43to0e04to28c1b841e711
true,float_operation-0,false,2856020,2.854060649871826,2857383,1f242500tof427to6771to4192to530428607dd6
true,pyaes-0,false,2564703,2.562565326690674,2566237,f8b933bcto8790tobb35to6c27toda328555758f
true,image_processing-0,false,3005572,3.0038490295410156,3007012,473640edto9460to4121toe0d1tob71dd5ad653d
true,image_processing-0,false,3010864,3.0090699195861816,3012235,d1151109tocc43tocb6dtob07fto119b355b1292
true,image_processing-0,false,2085267,2.083363771438598,2086669,cb3726c6to773bto5922to52datob888b40ae0f6
true,video_processing-0,false,96828867,96.82386136054993,96830299,72043a76to414cto69d9toeb0cto5fdfd87a99c4
true,float_operation-0,false,4622314,4.620366334915161,4623903,c7b45ee2tofa27toe7e3tof86ato973cd9f58799
true,pyaes-0,false,2509342,2.5078670978546143,2510854,89a6a500to0bb6to4088to212ftof12054be01b0
true,float_operation-0,false,2773988,2.772555351257324,2775311,56cf7f66to0250todb7dto9bfatoe562465c41a4
true,float_operation-0,false,3253527,3.251713752746582,3254990,358ee963toa95cto3827to2a68to8cd8fd9ac33e
true,float_operation-0,false,2861672,2.859696388244629,2863069,7d8ff40cto8327to94d0toa3aato1e7aa8d8b4eb
true,image_processing-0,false,2264585,2.262676954269409,2266028,38268f53to54ecto4a21toa5bcto00f5b964c5ef
true,video_processing-0,false,102768393,102.76341199874878,102769790,b8ca9716to73fctoc322to9473to5cdb42b40a9d
true,pyaes-0,false,2481327,2.4798460006713867,2482820,ae17aba9to48a6to790btoead3toe715517a58a3
true,video_processing-0,false,8617224,8.614494562149048,8618634,784946eatocfe5to7b0dtoad36to366c341dfb33
true,video_processing-0,false,90947762,90.94371891021729,90949137,ec303babto3846to4f1bto09eato6d4e7dbbc86c
true,pyaes-0,false,4027056,4.02472710609436,4028347,903d0d95tod000to73eeto7839to7512afbd4d7e
true,image_processing-0,false,1985614,1.9843568801879885,1986903,d4aa3e87to51d2tof9c9to4537to63431439d7bd
true,pyaes-0,false,4051626,4.049390554428101,4052866,aa78a046to7cbetoa0f9toe995to11aa2cb562b9
true,pyaes-0,false,2593205,2.591094732284546,2594607,3e43e5aftocec8toe0e1tof83bto126d42bd790d
true,pyaes-0,false,4082878,4.080618381500244,4084299,8ed73a93to4634to7621to3c84to6cc654f4e804
true,video_processing-0,false,8541825,8.538179636001587,8543049,f3b2d10fto44e6to6299to9246toeeba4eca264f
true,video_processing-0,false,8769611,8.76592469215393,8771004,b25de14fto688ato08e3to375bto8dc51f09c6cf
true,image_processing-0,false,3043698,3.0417773723602295,3045221,a866eb38to2ca6toea37to7328tob9d8fb6e6c59
true,pyaes-0,false,2521921,2.5201125144958496,2523252,9a851ce0tocde9to36a9toa3abtod9e7510958fa
true,image_processing-0,false,2039089,2.0376508235931396,2040437,3d80c3e0to1af6to78eetod439to83e7a560c4f5
true,pyaes-0,false,2601693,2.599404573440552,2603097,3c50186dto9c9ato9282tod871toa32542a7fa92
true,video_processing-0,false,8370045,8.366474151611328,8371534,d212f300to4feetof56dto99ffto196ed2e7173d
true,pyaes-0,false,4014691,4.013060569763184,4015923,5e6571c8to5b28to18b3toe56ato75372f800ed6
true,image_processing-0,false,2024586,2.022710084915161,2025786,cafce854toe9a3toa773to66bdtoda8aae1846db
true,video_processing-0,false,8331145,8.326489448547363,8332462,9ad86797to3708tob482to1755to9cb0a3b7055f
true,pyaes-0,false,4076371,4.0740766525268555,4077957,63c402e6tod74ato5ab6tob2acto95ebc341b1c7
true,float_operation-0,false,3592555,3.590533494949341,3594090,3eccbe8eto09a0tod636to4ea5tofeeee60e81fd
true,float_operation-0,false,3139730,3.13789963722229,3141013,fe93037ato778cto05eetobcd6tobb7fb10ed4d9
true,pyaes-0,false,2861329,2.859513998031616,2862601,86dc7812to01d6to0b78to39dcto827ea0f33c99
true,pyaes-0,false,4056130,4.0538763999938965,4057623,5c7dd788toe529to1d63to92e6tocbd0b76355f7
true,float_operation-0,false,4609362,4.607527732849121,4610879,993fb320to1954toa3e0toc346toe30849e9e566
true,pyaes-0,false,4025503,4.023136138916016,4027096,7718937atoca0fto3e51toeffato80350139f700
true,float_operation-0,false,2961651,2.9599132537841797,2963093,a9bf28deto1579toc003tod930to3a1817c27856
true,float_operation-0,false,3273626,3.271686553955078,3274945,0d9f0e72to98fcto9623toc952tobb6065e68e8d
true,pyaes-0,false,4072371,4.070363759994507,4073685,54f5a615to366ftod7f0toe7a5to835449e45924
true,image_processing-0,false,2001812,2.000197172164917,2003267,17bbeba7to22efto7077toe6d1toec5364a30bec
true,pyaes-0,false,4022509,4.020131349563599,4024133,c0f27980to330ctoeccetoe98ftoa4324c0878e8
true,float_operation-0,false,4651302,4.64923357963562,4652734,d14d7527to149eto7cd5to2f9etoc23a56f5bf8e
true,video_processing-0,false,7835322,7.831435441970825,7836779,8186117dtoddaato0fd2to771ato0af2fa68704e
true,float_operation-0,false,3293382,3.291612386703491,3294729,6bcfc542to0e28toaa43to63bato2905f593e2a5
true,video_processing-0,false,83205159,83.20061802864075,83206496,ecc0aa6fto4026toc96eto9580to77de0865e828
true,image_processing-0,false,2115531,2.1137475967407227,2116934,ff561cc6to2d90to769btoec32to1df6a7f71cd5
true,pyaes-0,false,4058270,4.0560431480407715,4059539,49dc7bc1to14d1tof195to3787to13ff3d8bfe93
true,pyaes-0,false,4075554,4.073712348937988,4077114,1708eeddtoc944to3117to79b0to2334948d0b93
true,pyaes-0,false,2605366,2.6031363010406494,2606901,32cf7409tof353to9b62toec67to8ef5e64a710c
true,video_processing-0,false,92464013,92.45967388153076,92465416,1f5f465dtoa354toe2d7toaeb7toa657bfca03ad
true,pyaes-0,false,4021087,4.0194737911224365,4022503,4d04eec9to154etoc5c2to6652to639831115a78
true,image_processing-0,false,2068620,2.0666041374206543,2070286,9bf117dbtoe497to6ed6to5d43to3fc393dcba05
true,float_operation-0,false,3277043,3.2749814987182617,3278586,3dea7d57to8dd8tod503to5896tob81d1db23eba
true,video_processing-0,false,8290588,8.288244485855103,8291952,c98cd93ato770fto92d8to90a5to5776590f3f32
true,pyaes-0,false,4031872,4.0300538539886475,4033368,84f36b70to0a3ctof22ato55e7toc8944791621b
true,image_processing-0,false,2058549,2.0567405223846436,2059901,dd59f8b9toaad0to4736to13b7to81c1688f3235
true,video_processing-0,false,8020559,8.015989780426025,8021964,dcf50e8bto058ftoc9aeto5a21to5c568dcc87b8
true,pyaes-0,false,4079485,4.077289342880249,4081058,178e1c75to268dto927bto73fdto0c9d36ad30c5
true,image_processing-0,false,3017993,3.015934705734253,3019462,f15cb805to64c7toe853to9e4dto50a12b68ddc5
true,image_processing-0,false,3053386,3.05173397064209,3054867,656dda23to6339tobb1atoe3dcto70257d4486e4
true,video_processing-0,false,8081718,8.078817367553711,8083170,d67d13fdto1172to0f74to2019to1b6f44a5ca02
true,video_processing-0,false,8614150,8.609463930130005,8615665,233d20bbtof239to55a8to7af4to9e91f0301dce
true,float_operation-0,false,3061834,3.0598561763763428,3063320,f11fa9bato3367toc05atocf64to4c246b65a7ae
true,pyaes-0,false,4072131,4.069916009902954,4073646,5d61db0dto924fto6273toebaeto980767db2bec
true,float_operation-0,false,3404401,3.402787446975708,3405816,58fe4f06toba2fto9637tofe49to5d020d11b8cd
true,pyaes-0,false,2728672,2.726445436477661,2729963,081a3bd9to8e16to9802to6358to660ef7a485b0
true,video_processing-0,false,8529550,8.527223110198975,8530905,2f95366ato69dato04b7to047cto8700d08bc562
true,pyaes-0,false,2736687,2.7344212532043457,2738055,7e195cd5to9dfcto0f58to8901to4d8f1b6a9550
true,image_processing-0,false,2202825,2.200981616973877,2204148,3a5da231to644btoc560toc50cto4f905831788f
true,pyaes-0,false,2748665,2.74652099609375,2749911,c61bc08cto4191todfa7tod4c4to42306a08bfb4
true,float_operation-0,false,4483001,4.480950593948364,4484310,145a7933to22f7toff07toe997tocbd81841a1ef
true,image_processing-0,false,2192522,2.1905784606933594,2194112,71edaf54to6d23to0f61toc99bto841237f396c2
true,pyaes-0,false,4028310,4.0260560512542725,4029620,acedf78bto8c7fto5743toef47tofc5c89acec0f
true,float_operation-0,false,4518119,4.516427516937256,4519499,db93963fto934eto7395to8c8ato90f0942ea708
true,image_processing-0,false,2071545,2.0700833797454834,2073053,cf878127to54c6to0f50toc981to9680e0318a4a
true,pyaes-0,false,2587332,2.585285902023315,2588827,7adf67f3to8927to244bto9de2toa7f465e167b2
true,float_operation-0,false,3386066,3.384138584136963,3387694,320251e5toc10atob66bto5a6cto3b6479abde1e
true,pyaes-0,false,4069177,4.067222595214844,4070751,d26b49c5to3c8ftobac6to3373tof2c9c91c13dc
true,pyaes-0,false,2539576,2.537511110305786,2541082,ea378b51tod29fto7e49toe158to8d2250361c64
true,pyaes-0,false,4024258,4.0219666957855225,4025670,7e1ac64dto2e89to6c65to8299to8344820108c0
true,float_operation-0,false,2891396,2.889404773712158,2892757,b3358465to440btob908toecb6to0551b10ed4eb
true,pyaes-0,false,2616189,2.614004373550415,2617621,f2c85da5to424ato8cd1to0620to1b42385b797a
true,image_processing-0,false,2129097,2.127181053161621,2130529,8cc0e4e5toe14bto9088to6c36to68c1dd626709
true,float_operation-0,false,3247427,3.2458536624908447,3248716,bcc7ac9ato4463toa4e2to3e25toe05306dfdc25
true,video_processing-0,false,7807869,7.805411100387573,7809211,8f23c8bfto469cto371dtoe036to754c92cabc6e
true,float_operation-0,false,2796415,2.794625997543335,2797800,be116de1toac7atoe115toeef1toe6dfa237251b
true,image_processing-0,false,2070035,2.068351030349731,2071375,0565580cto356eto362eto7a6eto2255ff64d27f
true,video_processing-0,false,9789768,9.784652709960938,9791140,0e8e8a2ato5d4etob975to49f2to8f1fb042d610
true,pyaes-0,false,2526492,2.5248327255249023,2527723,41a6c24btob8a0to5fecto3693to1be3167f7055
true,image_processing-0,false,2131430,2.1294827461242676,2132858,81ea6e36toba6bto0994to0004tod58b728e8bf7
true,video_processing-0,false,8082641,8.07898998260498,8084084,fd5ba2aato1796tof3b6tofa9dto1354c943fc56
true,pyaes-0,false,4021323,4.01907205581665,4022795,808619d2to5e70to217eto6b50to3fbbb3d16228
true,video_processing-0,false,9361301,9.356196403503418,9362831,c30a585ctoab8dtoc753to99bfto18c3e6bf1bcc
true,image_processing-0,false,2009714,2.0084116458892822,2011214,68a916c9to177ftod44bto98f2to7961e418ab9d
true,float_operation-0,false,2849428,2.8474526405334473,2850847,5e827ab6to9b84to7f99to388etof0203e1c5300
true,image_processing-0,false,2113220,2.111208915710449,2114627,68ea5053to46b0to8b36tocf46to26f6ce15ea8d
true,image_processing-0,false,3014049,3.01199722290039,3015435,a40217d5toe7b0toe6cato9467to54b0bab142de
true,video_processing-0,false,8133050,8.129398107528687,8134570,84f08108to37bdto99bfto8a4fto2a4c2ed841df
true,float_operation-0,false,3402284,3.400611639022827,3403575,2c2ea5a2tofd6etoed31to7283tofbbd45e65a4d
true,image_processing-0,false,3014918,3.0128698348999023,3016430,b55c8beetod3b1to090btob5d8toed67b290cb36
true,video_processing-0,false,9642051,9.639311075210571,9643496,39863929to7355toc382to956ato0315ff92b962
true,float_operation-0,false,4476633,4.474889278411865,4478297,12344f20to04f3to66fdto3a38to6f382260b86e
true,pyaes-0,false,2673036,2.670719861984253,2674481,455d19fbto8defto49c1to2b99toa17f39fe6a56
true,video_processing-0,false,80952899,80.9489848613739,80954298,d8e88df6to85adto7f69tob2d7to2b379cbdf295
true,image_processing-0,false,2141394,2.1395959854125977,2142844,048786eato0b73to891bto48batod29af8feac4d
true,float_operation-0,false,3251580,3.2500197887420654,3253032,cda9902bto0151to841bto8b38toa1a3f7c1d48f
true,pyaes-0,false,4020812,4.018809080123901,4022318,43b6e4ecto0692to5d3eto6da0to141ac31b6507
true,image_processing-0,false,2311860,2.3099396228790283,2313346,4e072f5btoc454to59ddtod307to4c5ba4e96bb3
true,float_operation-0,false,4485096,4.483132362365723,4486533,e8bc6d6eto944ato84b7to2e2bto946295cb6201
true,video_processing-0,false,9736200,9.73134422302246,9737755,727971c8to9d6ato06e6to3fc1tob91589745349
true,video_processing-0,false,9358559,9.35521936416626,9360048,ca1d44d4to59ccto7078tofc5fto093ab1d3f425
true,video_processing-0,false,8031869,8.028105735778809,8033335,ac16f0b6to2e84to93a1to50bdtocabdd7328b6d
true,image_processing-0,false,3056756,3.054926872253418,3058347,e0ac6c2dto225cto72c5to3d52to8e85b2e6dfac
true,pyaes-0,false,4031719,4.029351472854614,4033199,3aabbddcto9333to7181tod99cto1aa6d2641888
true,image_processing-0,false,2046785,2.0452232360839844,2048293,53afe01eto449dto2604to93e5tob8355e9b9d3f
true,video_processing-0,false,97363951,97.36028504371644,97365228,af289024toe4d2to8e16to42bbto49755ecba084
true,pyaes-0,false,2612558,2.6103477478027344,2614041,169c45d8to2694to9bf3to9c36tob69ffb53af59
true,float_operation-0,false,3332319,3.330376625061035,3333725,4d279144tod284to2bfftob17bto7ec140d5b860
true,video_processing-0,false,8435935,8.431941986083984,8437487,2ab082f4toead2tobeeato4ad3to4fa44f916421
true,video_processing-0,false,79184017,79.17979526519775,79185401,ba59bff9toe1ccto85dftodfd4toe8faa0c8b099
true,video_processing-0,false,8117187,8.114744901657104,8118581,05d6bf02tof095to0c66toe800to5a158938f4e0
true,pyaes-0,false,4079218,4.0770792961120605,4080681,9bb60df7to045bto74c7toe7dftod08a2c6b9694
true,video_processing-0,false,9671107,9.666138648986816,9672626,dddf55c2to8b0eto691ato6f40to27dd343cbf42
true,image_processing-0,false,3061028,3.058891534805298,3062443,e981f6eatof302to2230to5167toeca61fe1292a
true,float_operation-0,false,4482021,4.479817152023315,4483218,03f20374to29e9to799atocc4eto0a0bde969cfb
true,float_operation-0,false,3422934,3.4212634563446045,3424402,a464cd57to8b90to2fedtoce7eto9c2d9b2617fa
true,image_processing-0,false,2210381,2.208516836166382,2211551,b66111b6to6d04toae9cto7922to52257603d462
true,float_operation-0,false,3060883,3.058959484100342,3062264,37b48e95to078dto1354tof737toe170b45a692f
true,float_operation-0,false,3091007,3.0889487266540527,3092334,87a0843atobbd9tof7f9to12feto0b68ad590cce
true,image_processing-0,false,2214532,2.212970495223999,2215821,8ba2b9bctoe3c5to6576to71abto0796be3c0f3e
true,image_processing-0,false,3016649,3.014842987060547,3018206,f84994f7to8ee2to1540to6981to88aa95652278
true,float_operation-0,false,2904816,2.902771472930908,2906169,5bd3840ato1669to7682tod0dcto7e2159015018
true,image_processing-0,false,3017325,3.0155951976776123,3018938,540d4238to3fefto9c4cto55bdtoac4462903392
true,video_processing-0,false,8455391,8.452866315841675,8456761,9d2bbcd7todae4to4470to9ab2to97efa231ec23
true,video_processing-0,false,8402279,8.399126291275024,8403584,470c4a1ato751bto6459tocf56to66a69c574bdf
true,pyaes-0,false,4066124,4.064475297927856,4067103,e6d83862tof810to69catof895to48ba9ba8bc65
true,pyaes-0,false,4017900,4.0161848068237305,4019093,e655d9d3to5b3dtoc72ctod1e5toa45229a5ff48
true,pyaes-0,false,2577351,2.575913429260254,2578615,6d61a453to5074tof51btofaabtob810399dfb0d
true,float_operation-0,false,4483036,4.48123574256897,4484339,73cfdd1atod746to3543toa7a3to1d652af6f017
true,video_processing-0,false,9623786,9.620015859603882,9625324,50f644f9to6ab0to8db0to9b26to969733d42c6d
true,pyaes-0,false,2586177,2.5838451385498047,2587496,9d088ff8to0729toa25ato12ebto2979f89e4de7
true,video_processing-0,false,8089148,8.08703875541687,8090598,746a8444to1195toc867to80edtocb5cb06fd0ec
true,pyaes-0,false,2583536,2.581860065460205,2584939,51691a47toc40bto11b8to6cd8toa548fddff590
true,image_processing-0,false,2057345,2.05544114112854,2058692,a0a34782toa276to7da4to616etoaa7f24722e3c
true,image_processing-0,false,3056090,3.0541141033172607,3057287,317ffcceto6f77tod0b5to062ato8a8a2ffd8c13
true,video_processing-0,false,84021088,84.01797246932983,84022100,500e668fto56e8to8997to46fato14755bf84afe
true,pyaes-0,false,2546720,2.54445743560791,2548251,d975603ctoddceto2801toae31to5fff78dee3a7
true,video_processing-0,false,8153251,8.15052843093872,8154775,5d4bfd3bto19c6tof8bcto708fto9d11f618b720
true,image_processing-0,false,2169166,2.16731858253479,2170486,11b5dcc5to5441to2986tod75etoa5be95016428
true,pyaes-0,false,2630395,2.628262758255005,2632246,38689664to7ab5tobce3toa4adtoa154b1d72e35
true,video_processing-0,false,9849361,9.844337701797484,9850865,3f33242cto0e34to5b98to19b5toc497e83693c6
true,float_operation-0,false,4468181,4.466152906417847,4469727,01798d3ato1ee1to8c7ato1620to95f85c4d8ecb
true,pyaes-0,false,2615853,2.6137168407440186,2617269,f0205d9dtoef43toc0edto0985toe9092eb4be17
true,float_operation-0,false,2794110,2.7926008701324463,2795625,28808b5ftobb3atofcc1toe26bto2337cf504b48
true,image_processing-0,false,2098637,2.0971310138702393,2100023,3be073c9tofe71to7976to811ftob84c7795fbd3
true,pyaes-0,false,2591114,2.588747024536133,2592612,ce8f9b92toae06tob415to8e48to207c2a1b5fc9
true,image_processing-0,false,2100062,2.0980632305145264,2101518,233ebd1ctoeb10toc1eeto7004tocc0deb3721f6
true,image_processing-0,false,2069341,2.067341566085815,2070932,b4e4a2c0tob77dto5208tob1cctoea201f0848c7
true,image_processing-0,false,2431390,2.4299476146698,2432935,faaabe96toa660to8cc2to8912tob017edcb70a6
true,video_processing-0,false,7698961,7.695693492889404,7700471,5e6210a7to1fa1toc80atoffb8to3aeb9d0e3213
true,image_processing-0,false,1989900,1.9883787631988523,1991422,9d36220atoc5e8tof8a5toc81atofb2c8c4e9dfa
true,pyaes-0,false,2492883,2.490537643432617,2494414,b1761baeto099cto6df6to144dtob3695e0df941
true,video_processing-0,false,9431228,9.426013469696043,9432668,2c9f5f61toaa9atoe800to25ddto4f3d1a2e972e
true,pyaes-0,false,2570040,2.5678341388702393,2571611,735f9fa6toa04etoc1efto78f1toe2a4ffc873b9
true,pyaes-0,false,4025431,4.023102521896362,4026846,a7c16e22to0f21toe251to3535to5eb74e347e09
true,float_operation-0,false,4482475,4.4804770946502686,4483976,fdc1b981to682cto5616to08d6toef57c52e0aee
true,image_processing-0,false,2073881,2.072070598602295,2075290,92d00640to25feto92e4toc56dtoca69dc61fb00
true,video_processing-0,false,8315270,8.312429666519165,8316553,42f36db5todc4eto33b5tod382to46b074c82caa
true,video_processing-0,false,85124406,85.12012553215027,85125667,8d970686to5557to1316to0f4dtocbff7c20ca81
true,image_processing-0,false,2113512,2.1114156246185303,2114887,117b397ato4273to53ebtobd73tod1066eb8ebd3
true,image_processing-0,false,2122172,2.120112419128418,2123597,2255584ftoa02eto1e30to534ctod9b1b037984a
true,float_operation-0,false,2790219,2.78825044631958,2791695,bbd1c943tod77fto74cdto22e6tob675d4eaca96
true,float_operation-0,false,2965800,2.9638242721557617,2967171,f74ece4ato5103to54abtobcd1to2abad98351e3
true,image_processing-0,false,2022305,2.021000623703003,2023513,98d97b8dto38dfto829atocc56tob14855f65eae
true,image_processing-0,false,2245011,2.2436037063598633,2246603,095c0e23toa468to970ato4a68to54991b0227c7
true,float_operation-0,false,2880953,2.8789021968841553,2882593,c12f44d1to3313to0d61toec08to446f78e4fc70
true,pyaes-0,false,4024020,4.021785020828247,4025311,36b84d54to7ed6to054eto102ato781417ed4f6f
true,image_processing-0,false,2012129,2.0102174282073975,2013496,668ae7dcto06c7toc470to313eto600e6fa7a11d
true,video_processing-0,false,8073831,8.069214582443237,8075357,9e5c71a0toa8a9tob5aato8a28tobe3c65bf232f
true,pyaes-0,false,2627937,2.625704050064087,2629172,e45ebf76to5f34to9279to4d05toe4913d4c4d82
true,float_operation-0,false,2839917,2.838332414627075,2841338,7adb6ad2todca1to6474toc55ato44855924ea59
true,image_processing-0,false,2140518,2.138603448867798,2141978,782f31bcto2c0fto612dto6eb9to38c190fe78d3
true,pyaes-0,false,2606772,2.6045525074005127,2608053,198deac2to9085toae0bto096ato9dfabc6402bc
true,image_processing-0,false,2060571,2.0589356422424316,2061910,d358ff4fto17a4to0201toa6eatoc0e818e98da1
true,pyaes-0,false,4068831,4.066561937332153,4070148,f4aa67aftoe916to1582toe9e0tob176216b0acf
true,float_operation-0,false,2968444,2.966352939605713,2969874,90219f3bto8ac2to7752to2cafto1127dd2a797a
true,pyaes-0,false,2609191,2.606930732727051,2610583,39077501to963atod5bcto63d6toe75b52fc8037
true,pyaes-0,false,2597881,2.5955872535705566,2599292,0b960a59to16a5tocf54to0b38to41ee4b7e93b2
true,video_processing-0,false,88231262,88.22777390480042,88232630,3287afe5to2a88to4f12toeb5ctoe014f38b1a4e
true,video_processing-0,false,8460667,8.456627368927002,8462039,ebb0b391to9bbetoea1fto5940toa3f6850f3884
true,float_operation-0,false,2886102,2.8840768337249756,2887544,2a89cbb8toaf51todabetob14ctoc45f3a3ba01a
true,video_processing-0,false,8078686,8.076372385025024,8080102,546bf6c1toca6ctof1ceto160fto6be19418f070
true,video_processing-0,false,9837267,9.832619667053224,9838783,b7a2abb6to6b7eto040fto1870to8a7ff9a450d1
true,float_operation-0,false,2900352,2.8984830379486084,2901812,ec47731cto7f87to5db2to6603to3f28553308cb
true,float_operation-0,false,2746669,2.745158433914185,2748060,7064ec55to5cc6tob19dtof218tof8b7be3f672a
true,float_operation-0,false,2901714,2.900362968444824,2903306,876c7874to7aa2to3aaatocd63to9242013aaaee
true,video_processing-0,false,9616408,9.613561391830444,9617883,95826184tocf77to26a0to3a27to36c78e6cf8f0
true,video_processing-0,false,103564283,103.56055283546448,103565597,20b29a75to76catod533to5504to2bfe03536f7d
true,float_operation-0,false,4470523,4.468586206436157,4471931,b0b868b2toa38dto17deto9aabto00075640d97b
true,pyaes-0,false,4076374,4.074032783508301,4077766,8b8382d3to7513to5f95to38fctof887fb07dd89
true,float_operation-0,false,2802695,2.800797700881958,2803904,d54d0aa3tof867tocfc7toff66tod854db0e38fc
true,float_operation-0,false,2953579,2.9516634941101074,2955074,a60c4e76tod1f6toc27eto2493tocbc80fcc932b
true,image_processing-0,false,2195463,2.1938581466674805,2196888,cedb2512to4b88to70f9toe619to5b6ee3d7b9c7
true,float_operation-0,false,5278544,5.276418924331665,5279871,86a3ca55to890fto2d01to3f55toa9c142736755
true,float_operation-0,false,4310532,4.308620452880859,4311959,78e5f0aato64b7toc2a6toe733to3a3f8863591d
true,float_operation-0,false,2854693,2.853208303451538,2856065,264b3e69tod3dcto777eto3be3to7b06ccd23fa4
true,image_processing-0,false,2214203,2.212246894836426,2215609,e3e8a8aeto9450to95d0tocf03to88132dccac24
true,image_processing-0,false,3011798,3.009672164916992,3013259,8a7eabfeto6503to686ato207ctoc84c84c06cc3
true,video_processing-0,false,8329293,8.326394081115723,8330859,437b548fto8569toba97to9f1ftob6c0cd7b291a
true,pyaes-0,false,2724104,2.7218782901763916,2725576,7d46b1bdto877dto3b32to13b5to968ad9a9c102
true,pyaes-0,false,2614488,2.6122453212738037,2615893,76315e02to4238to1b58to1f9cto030cc2a713d2
true,image_processing-0,false,3079035,3.0769526958465576,3080444,4ac905c4toaf08to08cftoe0f8toc077798eae8f
true,video_processing-0,false,8297484,8.294462203979492,8298964,f255f924to68aatoa5cbtoc22etoca6c8392fa2a
true,float_operation-0,false,2910079,2.9081599712371826,2911487,46588c80to5c19to0848to26cbto55b260b3a14f
true,float_operation-0,false,2707411,2.7057409286499023,2708801,1115ec8fto8b9fto3f6etofb18tofaf1759cea9e
true,image_processing-0,false,2047153,2.045130491256714,2048524,5b941f14to06b3to8bd1to14c5to956725add955
true,video_processing-0,false,9184365,9.180514574050903,9185835,b6894e15to85dctof66cto8d21to8353fd2c5760
true,video_processing-0,false,89210950,89.205801486969,89212446,6410f516to0ec7tocee0to754cto7ab1be0b545b
true,video_processing-0,false,9897988,9.893941640853882,9899619,e0577769to3ebeto2ab3to569btof663927aab1e
true,video_processing-0,false,83483206,83.47851848602295,83484596,27b4a286to8841to2059to9951to0d447a9cab27
true,float_operation-0,false,2800468,2.7990822792053223,2801839,5621800eto4745to7526to29e3to2b64384ea22c
true,image_processing-0,false,2105221,2.103382110595703,2106638,5d941a38tobe86to3dfbto4348to59b606f183db
true,float_operation-0,false,2799769,2.7983670234680176,2801275,fb0476ebto08c6to3ad0to15f3to490db7de0d9a
true,float_operation-0,false,5223589,5.221492052078247,5225050,55ed5764tob4acto60d8to72cato577d763e099a
true,float_operation-0,false,4396817,4.395156621932983,4398144,7505cf67toca38toebe7to979cto664bc50dedda
true,image_processing-0,false,2179905,2.177938222885132,2181389,fdfedfa6tofd17to9257to9631to1c1b314bcf99
true,float_operation-0,false,3079443,3.0775234699249268,3080941,14104dfcto1614to70d0to49dbto80906665c70d
true,float_operation-0,false,3177166,3.1751506328582764,3178555,ea6b9100toc582to0a99to219ctodf78604377f2
true,pyaes-0,false,2993831,2.991682291030884,2995333,599d5d19tofd59to84e3to90b7to458b013fb9f3
true,float_operation-0,true,4825257,4.671304225921631,5717975,0bd53218tof313to54a9toeba3tof63f581f0456
true,video_processing-0,false,7923859,7.920706987380981,8047091,7e02f399tocc6fto855ftoe696tof81ec2e84de6
true,video_processing-0,false,8129205,8.127130508422852,8130476,b463881ato2794tocc8cto7879to1cacbf0daf3e
true,pyaes-0,false,2736143,2.7339282035827637,3026129,2509d785to2d78to0956to1a1dto06c0158c184d
true,image_processing-0,false,2109799,2.1084461212158203,2425482,82ebcbefto1eb4to1a33to2d1eto51004020d4c4
true,image_processing-0,false,2084479,2.082479953765869,2086005,a45579d5to0deftob46dto1d4cto23b08667cd5c
true,pyaes-0,false,2779154,2.7768325805664063,2780558,10f9ae2fto9afftof498toa35ato3f98884ba499
true,float_operation-0,false,2959890,2.957843065261841,2961412,82b02ab7to1fe5to33f9to4901toddd976d661cc
true,video_processing-0,false,11842309,11.83780837059021,11843754,744c1c0ftofc09to7ec8to33a9toa0475bd35433
true,video_processing-0,false,11900844,11.898016691207886,11902310,0e26b533to64c0to0843toaa0dto0b3068eeccc4
true,float_operation-0,false,4310159,4.308033466339111,4311697,aa2c508atocfffto2b70to10fato6f296b59632e
true,pyaes-0,false,2659453,2.657259225845337,2661055,99be1509toc78cto375eto873atof29d08ffe56e
true,video_processing-0,false,11568009,11.564828157424929,11569431,562a82eatoad55to682dtoe1eetoc1a16d6e7b01
true,pyaes-0,false,2737982,2.7356412410736084,2739937,e32f98a9tobe55to5db0to05e1tod1f7dc8c9bcc
true,float_operation-0,false,5295144,5.293076276779175,5296609,df9e5e9cto8842to8457to4601to6e4f35f0ce1f
true,float_operation-0,false,2886891,2.8853278160095215,4063218,33f46a58to801fto30detod859to340a51324ebd
true,video_processing-0,false,9139370,9.13626503944397,9991300,2b791993tocd4dto17ffto5f94toc12ef28b8913
true,video_processing-0,false,91035678,91.03161454200745,91037251,c56c5e3fto5b14to8646to9ad9to9e03754a9974
true,float_operation-0,false,2779919,2.778221607208252,2781592,25f42b0etoe8b0to0880to4242tob218225d9c20
true,float_operation-0,false,4311652,4.309615135192871,4313234,909a18b2to9e72toc3b8to4a81to920b9d6c10a7
true,video_processing-0,false,103297014,103.295072555542,103298417,e1f38037tof10cto4236to03c9to51ab1ecfd6c5
true,pyaes-0,false,2677189,2.6749026775360107,2678754,87ecc0ccto5626to22dcto041etoda73e9701410
true,pyaes-0,false,4045678,4.043368816375732,4047082,40a41deato6e29to293etodacbtodb6e2a3cb137
true,float_operation-0,false,4388828,4.387149095535278,4390507,5dcc3f7dto379ftod7eato6062to613bbc151ab2
true,image_processing-0,false,2144755,2.1429638862609863,2146219,5b43442dtoe34eto9f4ftob7e6tob8c85f398fe7
true,float_operation-0,false,4529432,4.527408599853516,4530890,610b6334to04f6toee0dto7d4eto6861838bdfcc
true,video_processing-0,false,10931673,10.929054498672484,10933165,6da1d048toe572toed76tob1f4to9418ed62d537
true,pyaes-0,false,2500175,2.498394727706909,2501709,20d0c417to7fcdto7313toc6cato50393306cc3c
true,video_processing-0,false,11467807,11.465513229370115,11469315,dbcf4f5eto642eto0148to7736toa38b7e1c784d
true,float_operation-0,false,4313225,4.3111677169799805,4314682,84c0742fto8c52to7c30to81e3to3cba341297e0
true,video_processing-0,false,100446719,100.44280433654784,100447994,8a025b50to4f4eto92f6to0537to0c877f65da43
true,image_processing-0,false,2087355,2.085477828979492,2088841,88bf3b70to7d7dto7a70tod2c5toe6862bc2d000
true,pyaes-0,false,2532659,2.5310251712799072,2534106,233eb6f7toe721to1b5bto8951to9fa9f9f4a03d
true,float_operation-0,false,5265169,5.263141393661499,5266626,363a1770to5e0fto0cabtob20ato2fc1348be9bc
true,pyaes-0,false,4054236,4.05194616317749,4055579,d1e3aba6to94aeto2ae3toab00to89fc9a48ab01
true,video_processing-0,false,84008754,84.00390124320984,84010214,fa968692to27aftoc24dto2246toc68c55181a5a
true,video_processing-0,false,13113657,13.108838081359863,13115174,853cdd5btocf0bto862bto6d89to1fb5c2dfcfb4
true,pyaes-0,false,2572885,2.5714540481567383,2574360,7e7dfeedto41datob05etoc8b2to861418c9e139
true,pyaes-0,false,2667793,2.6655807495117188,2669338,425ccf94to138fto21ccto35c4toe777a7ba4c90
true,float_operation-0,false,4536072,4.534518241882324,4537385,b4f7c74dto77e6to4807to790dto6eda372ff48b
true,video_processing-0,false,9472055,9.46892237663269,9473461,89a63151to36c4to34c8to1b17to508da3fdcf32
true,float_operation-0,false,2810246,2.808481931686402,2811973,bd5b099ato36e3to0612to8d4fto7a96a9aafab8
true,float_operation-0,false,2966583,2.9646127223968506,2968077,d6c9b747to1af3to85ccto16f7to0e24a0eff38e
true,image_processing-0,false,2115396,2.1134636402130127,2116947,59b1bef4toe1f0to7fd1toa221toa3eaab002d19
true,image_processing-0,false,2261702,2.259877920150757,2743722,04011402to4965to1034to5f71toc83127a35840
true,pyaes-0,false,4053402,4.051086664199829,5006471,93026433to2599toec2ftoe4dcto9994da34cafa
true,video_processing-0,false,8750442,8.746033668518066,9612436,b2b85baato849dtocb24toeae9to0f118df5f480
true,float_operation-0,false,5259192,5.25750732421875,6129211,c6a23886to17a4to1aeftod043to1e70a4a00e2d
true,pyaes-0,false,2631969,2.6305959224700928,3045076,b490b8d2tob711to1ee5to2394toa1c0cc1eaf8a
true,float_operation-0,false,4658635,4.656667470932007,5127079,1a941436to12ceto6641toe652to8f002336d865
true,float_operation-0,false,2765113,2.763725996017456,3431415,cc350690to9112toa85bto6804to580611b75284
true,video_processing-0,false,90012658,90.00966024398804,90528122,17a4c91ftod098tofe0ftoea4cto1711c9a974a3
true,video_processing-0,true,10012086,9.017012357711792,11470518,252eb586to79c8todd19tod20eto9c6026d21be9
true,float_operation-0,false,2928122,2.9267327785491943,3175795,e362134eto1666to7bb6toecf0toac8bf4662cf8
true,video_processing-0,false,9399118,9.396507978439333,10405983,21ee74a5to2ef6to8ac6to24actoc836a93cbc69
true,image_processing-0,false,3015711,3.0138983726501465,4100210,11d3eb1cto3228tob8fbto55d9tofb72ffb50413
true,pyaes-0,false,2639107,2.637113332748413,4517946,60d6ee8cto4375to86d3to1426toe73382ac41ca
true,pyaes-0,false,4090012,4.0881898403167725,6182082,0e26a169toe76ato5344toc719to550f59837cfa
true,video_processing-0,true,91365629,90.34348821640016,94169450,81516776tof8afto184dto9cceto09acfd5795d2
true,image_processing-0,false,2134052,2.132131338119507,4210920,dc116338to580eto02bbto0674tof39588b0d174
true,pyaes-0,false,4082175,4.079958200454712,6082004,51b94d95tod4bctob235to47cdtof16ec051027b
true,pyaes-0,false,2674445,2.672724485397339,4959067,508f71b6tod06btod25atoc9eatod176a04631da
true,video_processing-0,false,9874047,9.870789766311646,12330244,52724726to26b1tof933to0fd9to5e3182e508be
true,float_operation-0,false,5213226,5.211490631103516,7869682,4c44ebafto0ed4to0161to1f2ctode3fd1564a2f
true,pyaes-0,false,2598078,2.595938205718994,5480426,8e317083toa735to0b18tofc4etob2901c63bc84
true,float_operation-0,false,4633997,4.631971597671509,7550001,9bd8636ato6767to7f73to50c0todc1dbcf45098
true,image_processing-0,false,2345463,2.3438355922698975,5854066,de8904b3to2ce8to3fd5toac5ato99a2895bc9c4
true,video_processing-0,false,82776195,82.7724986076355,86145802,78acabd0toe007to02ceto81a3toa9bf69cb3031
true,float_operation-0,false,2910397,2.9089014530181885,6807294,ab3cf2e8to5339to7caatod3bato46cfe7aeb992
true,image_processing-0,false,2129728,2.1279919147491455,6193196,0b829a69tode71to0ce9to7ae7to69ef78f7f013
true,image_processing-0,false,3032392,3.0302915573120117,6910388,ae8c346bto1f01toc036toc120toc7117d963742
true,float_operation-0,false,2868326,2.8663747310638428,7297732,203ca92cto0db0to7ee1to543fto3eb505033cc9
true,pyaes-0,false,2653987,2.6517105102539063,6159573,06a5ed44tocdeetoceefto8a93tof8f11c4d6788
true,image_processing-0,false,2111891,2.1105356216430664,6188402,f6e302d4to39bbto7c5etodc4eto4dfdecde531f
true,image_processing-0,false,2170322,2.1683993339538574,6223510,440c776ato7c6atofc00to91cftoe9b24eb11a56
true,pyaes-0,false,4086409,4.08412766456604,7376675,7171e991to0c8fto70c5to0260to32214af7479e
true,float_operation-0,false,3042534,3.0411763191223145,6419207,4ed07f28tod889to4198to551ato62ca8f3d51d5
true,pyaes-0,false,2913721,2.911982297897339,6588109,30130568toa48dto781cto55d0tod7362e4d9857
true,pyaes-0,false,3246824,3.244647264480591,7091912,fd1c3cc3to4f26to8001tofb88to502083d77504
true,pyaes-0,false,3565461,3.5636308193206787,7664176,4690d775tob70ctof610to4102to068a856d10b4
true,pyaes-0,false,2873042,2.871727466583252,6424170,fde993c0to2a24tobf64to324fto578720ee58a7
true,pyaes-0,false,2839824,2.8375558853149414,6389080,dafb36ffto6860to2a76to64c3tocaf760eff024
true,float_operation-0,false,2874935,2.873063087463379,6501965,adb20368to5388to4811to57e5to88ff8e4274c3
true,pyaes-0,true,2665048,2.5538370609283447,5434377,7e6186fato7b2btoabf7to70d0to09cb8b1d7e00
true,video_processing-0,false,11010387,11.005844354629517,13378097,fcb9214cto034bto7539tof223toef6c4b619392
true,video_processing-0,false,98914815,98.91172122955322,100869503,5e4bc1afto8e19toa241toe4a1tof0ab064ce0c4
true,pyaes-0,false,4056431,4.05484938621521,5212875,551cab95toe140tob69eto9789to7b7398363449
true,image_processing-0,false,2091481,2.0895252227783203,3314763,c1557097to9a22tob221toec07to986d629468ab
true,float_operation-0,false,2873303,2.871190071105957,3639822,356105e4to5c02to6f9atoa1e0to0afdaaa247b9
true,float_operation-0,false,4669745,4.667695045471191,4948506,bcf7e8e7to08c7to03d6to018dto2fd994ab721c
true,video_processing-0,false,86368592,86.3658356666565,86460388,ef9af51dto0896to8e65to7ed7to82771fe04caf
true,pyaes-0,false,4017127,4.015201807022095,4018728,17681419tod35fto2fa8to5800to02bddc2d6dbd
true,video_processing-0,false,13187169,13.184471607208252,13188628,d416809cto8575to3809toc467toc1b5baa03182
true,pyaes-0,false,2532912,2.531350612640381,2534312,c2094fb9to4090to32deto8b6btof39c1d57da43
true,pyaes-0,false,2587759,2.5855793952941895,2589123,7fd8bd5btod9fctode92to6489to703a1551db32
true,image_processing-0,false,2050242,2.048874855041504,2051670,fd323c19to0e8ctof8dbto6c7bto0554de5c5560
true,image_processing-0,false,2302630,2.3006649017333984,2304162,7d89bbe7toa75eto372ato1808to1d37ca6bf599
true,image_processing-0,false,2094426,2.0924856662750244,2095836,acf6b2bdtoe003to92c8to3285tof69cfd99d00c
true,pyaes-0,false,4061386,4.05977463722229,4654739,d83defd8to9776to05e6tofda9toee68c6a30f71
true,video_processing-0,false,12914762,12.909765005111694,13639664,547b9c5etocdd0to90ddto167ftof10da1683f9a
true,pyaes-0,false,2521052,2.5195531845092773,3304217,ad229977to3ae0tod70btoc21etob4bdf75f142d
true,image_processing-0,false,2012375,2.0109293460845947,2771980,285ae082to7e52toffe0tof65btoea4039a48865
true,image_processing-0,false,3042859,3.0408036708831787,3312047,1ab2145btod66ato723ato0595to84c139830f05
true,pyaes-0,false,4021751,4.019533634185791,4023221,8a1c11d6toc482toe287to07feto29b91eb865e0
true,float_operation-0,false,4643607,4.641480445861816,4645094,069519dfto001bto3f86to29a1to11981e2d9c92
true,float_operation-0,false,2924375,2.9223825931549072,2925843,b4c97ccdto5906to0ce8toc41btoe6548f17ef2a
true,pyaes-0,false,2510693,2.50879430770874,2512138,0b31f232to82bfto5744toa8ffto4958d51af77f
true,pyaes-0,false,4025307,4.023800611495972,4026975,83a41eabto8ba5to5425tof010to60c1ebc5e6d9
true,video_processing-0,false,9072370,9.06765365600586,9073914,11f45aa3to52aeto5c07to96efto79d685a7befc
true,video_processing-0,false,10199564,10.195804834365845,10201048,6ac0f686to37c0to239bto2f99toce69e3cdba15
true,video_processing-0,false,87314557,87.31060099601746,87316064,efa33901toab75to2d1atoa730to2774335f719f
true,pyaes-0,false,2667911,2.6660866737365723,2669474,9028c2e9toe64cto3f24to1b59todd673ec1f23f
true,pyaes-0,false,4075019,4.072780132293701,4076686,862ff661to5703to8306to2ad2to0f9b15b1cc78
true,pyaes-0,false,2727892,2.725879907608032,2729453,3cf9216cto37b8toadbbto219dto17c20bb74d67
true,pyaes-0,false,2737710,2.735494375228882,2739171,0350f5d6to0d39tob279to885eto87442c32bc4f
true,video_processing-0,true,12956788,11.68528938293457,13958227,6e88baa8toc049to72afto754eto744776417683
true,video_processing-0,true,11909094,10.950520277023315,14051491,34498dbfto2e49to3bb7tod12ato0587a24a76af
true,image_processing-0,false,3008861,3.007392168045044,4113178,c2273087to5b93to8d1fto8e2dtoe9f2194c1270
true,float_operation-0,false,4659402,4.657287120819092,6397708,ba601a0eto76cbto21deto3eb1toa30e02e9d692
true,video_processing-0,false,10528575,10.52548336982727,12426230,d97b5f1fto11e2tof277to8da8toeccdee8ca05d
true,image_processing-0,false,3085102,3.082831621170044,4372316,a62cded2tod24ato9b30tod46fto0bb1495893dd
true,image_processing-0,false,2117807,2.116299867630005,3352934,42d9a291to34dbtof911to7e8etoe3a345e7df54
true,video_processing-0,false,8988124,8.98431396484375,9923684,b4641e35todeb3to1bb1to7b9atob0e28bd4408d
true,pyaes-0,false,4087207,4.084901809692383,5090216,d6f7c86fto9667to36d6to15c8toa0ba4c44b9f8
true,image_processing-0,false,2044344,2.0430917739868164,3841733,51af4922to449cto19ectoa28atof9e89a4fb54d
true,pyaes-0,false,2630338,2.6281449794769287,4499136,ad71677fto8102tofd60to0614toa6ccf6330a96
true,pyaes-0,false,2620636,2.6184298992156982,4529943,ff3424c1toa3dftod069to6105tof09492a2897c
true,float_operation-0,false,4634346,4.632753133773804,6716476,99332d85to1d38to6a86to172fto86543c7c6a3f
true,video_processing-0,false,8926833,8.924576044082642,11711576,8eaaa0e4to07c1to42d2to6788toca0d3cacb536
true,float_operation-0,false,2960379,2.9583802223205566,5135589,1110ae43to601bto1b47to2745to558d1393deea
true,image_processing-0,false,3025661,3.0235629081726074,5599407,10287addto29bdtoc5c7to7e25to334891f66276
true,image_processing-0,false,3011126,3.0091116428375244,5196854,a1bcbbfcto8dc0toeffdto241cto547ea7d25220
true,float_operation-0,false,2707519,2.705522298812866,4119885,e939342fto4af1to2f79to9cb6to881f0e4ab302
true,pyaes-0,false,2654611,2.652402639389038,5059670,4ada19aeto90d5to18f9toad57to4607084885bb
true,float_operation-0,false,4636611,4.635040044784546,7324596,92088ba0to9b72to9968to6890toe2b9e64c7edc
true,float_operation-0,false,2699757,2.698390007019043,5280149,ae3d9384to69b1to95c9tof41bto823f40ed12e3
true,pyaes-0,false,4088768,4.086740493774414,6611864,46fc3905to7813to6921toaa74tobd8732edeb02
true,video_processing-0,false,9990563,9.987035274505615,11481865,317da670to3a7bto4f47to1739tob3d54a1015e5
true,video_processing-0,false,11981239,11.97895121574402,14525802,1fc98570to5e0bto0d65toa295toe1121e83a6f1
true,video_processing-0,false,10561006,10.558245420455933,12857105,abef1ccbto9615to3424toa216to71b73899b9da
true,image_processing-0,false,2109392,2.1073288917541504,3788513,1e799d69toebf6to82f1to56aeto5b626e446b58
true,image_processing-0,false,3042176,3.04025936126709,4745853,6062392fto15f9to3a25to186btoc3a64e924001
true,video_processing-0,false,10297037,10.293187141418455,12253058,f5228eb0to1575tod687to2b57to437640814d65
true,pyaes-0,false,2550387,2.548362493515014,4649061,3089524bto08c3tof155to3cf8to6fb90e01dc81
true,float_operation-0,false,2801964,2.7999162673950195,5990928,347cc3aeto0ed2to9224tof313toa40a8244aa4e
true,image_processing-0,false,2054337,2.0528528690338135,5273303,430bffdbto0c85toc7d6to9703to8fe26747d6c0
true,float_operation-0,false,4680227,4.678629636764526,7381216,f28e1f0bto8ba3todda9to20dctoc648cc26321f
true,video_processing-0,false,10310402,10.308096408843994,13545331,19e203ddto1a2bto3d09toa686toa8c5421a3e20
true,float_operation-0,false,2987404,2.985464334487915,6193459,61bf8a76to8aa4to18e0to75f9to34afccec53c6
true,pyaes-0,false,4071506,4.06975531578064,7275616,4c215a5dto418ctob36fto1853to8f29d2404ddb
true,float_operation-0,false,3304512,3.3027031421661377,6467921,8b95a871to46c9to0154to43c0to604bda58765a
true,image_processing-0,false,2021399,2.020118236541748,4565183,fcba6279to2ad8to46d2tofa69to9dbd9aa2c8d2
true,float_operation-0,false,2712862,2.7113935947418213,5448175,7a214a56to2e6etof205to81e2to418f2d0bea83
true,float_operation-0,false,2931841,2.9304327964782715,5207563,89f2e265to6a6fto846dto9a17to7ad05f9b7796
true,pyaes-0,false,2698587,2.696388006210327,5016036,ca4955a2toe2f3to1e5fto0fe4to785afb036a38
true,image_processing-0,false,2145983,2.1440415382385254,4084320,dfadaf5etoff70todc93to21d2to88aed8c8596d
true,video_processing-0,false,10353051,10.350648641586304,12587779,9b582397tobb0ftob234to0e34to66ab471c3eec
true,float_operation-0,false,4652580,4.651059865951538,6506749,05dfa949to7409toc852to33f2to4508f48a87f8
true,image_processing-0,false,3015751,3.0137763023376465,4827321,1839697dto87aetod539toefd7toc73f5f5cf790
true,video_processing-0,false,94985520,94.98206758499146,97321935,92ca081fto6deeto4bfbtod69bto1ae439911d87
true,pyaes-0,false,4074742,4.0722832679748535,6918454,eb1df8a2to1ab3to28bfto1475tobcd50e8a935d
true,video_processing-0,false,75491640,75.48843765258789,78105233,3e40e1f1to58a7to06beto364eto7368d0195af3
true,image_processing-0,false,2065115,2.06345796585083,4254118,4f58eadbto212eto1fcbto0c5etoeeb5a0d18c3a
true,float_operation-0,false,3010951,3.008903980255127,6374534,157198dbto3ff5to71a6to0499tof450f1b6c0b8
true,video_processing-0,false,93508917,93.50517153739928,96191854,4bc75416to882ato2ad1to832btof8a6fb35ddca
true,float_operation-0,false,2875580,2.8735411167144775,3758016,b6c87e9btoef0eto7304toeceato4019e8949aac
true,image_processing-0,false,2042611,2.041271924972534,3144186,eba67cfato3d1fto20dfto0534to9c772319208a
true,float_operation-0,false,3372677,3.370771646499634,4351913,f3762964to357dtob881to034dtofa7a4d67d67c
true,image_processing-0,false,3134275,3.132140874862671,4410477,e441be88toeb6btofabdto2ee3to671c2ef3d555
true,float_operation-0,false,2994088,2.99212384223938,4867011,4afbc6c9tobf46to999btoe571to55065c394333
true,image_processing-0,false,3008277,3.0063891410827637,4403408,4f4ce297toc539to9466toa015toefb783885082
true,float_operation-0,false,4531410,4.529516696929932,5797028,26b4ddb1to0fdctofac7toc725to54cdba4a35fd
true,video_processing-0,false,10959378,10.955796957015991,11357561,19c83c13to697cto9f18to0e4dtoc83fe56b7fc8
true,image_processing-0,false,2029190,2.0275986194610596,2254060,66092122tocb44tof9f4toeb78to57e35b7ede5b
true,image_processing-0,false,3029941,3.0278689861297607,3031491,d256f4deto95d6to5c23to9477to15865baeef34
true,pyaes-0,false,2643007,2.6407458782196045,2835459,a11b7694toca61to35d6to2c00toaae53452990f
true,float_operation-0,false,3284173,3.2822728157043457,3307109,5d68f3fatoaf42to050bto51f1tocb89bcc965d3
true,image_processing-0,false,2020552,2.018692970275879,2022048,4f8f1b97toc48fto436dto6149to2856a4d01eed
true,image_processing-0,false,3075681,3.0737218856811523,3077067,32dec2eftof2fatoa951to4259toffb286bd21f4
true,video_processing-0,false,13497724,13.494380235671995,13499259,63373b0etof56etofdeatob412to200deb793130
true,float_operation-0,false,2959430,2.957406759262085,2960824,c28c0f75toca48todf9eto5825to3d45aa619fc2
true,image_processing-0,false,3015582,3.013749122619629,3017121,de886a4ftod42dto845eto7157to37d422cf83c3
true,image_processing-0,false,2019459,2.018169403076172,2020968,8051e2cato0258to2d3btoae2etob0140802698c
true,image_processing-0,false,3019433,3.017611265182495,3020868,9455b611to9b26to4171to10f0to5340372718eb
true,image_processing-0,false,3015970,3.0141890048980713,3017210,fb8310eatob242to6e78toe946to1f30188f8f80
true,image_processing-0,false,2017913,2.015955686569214,2019272,535597d8to56c9to82a3to91a8to684961a1f18a
true,video_processing-0,false,11678648,11.673981189727783,11680202,74d223cbtoc145to776dto3e5atof80001c2dd43
true,video_processing-0,false,11075687,11.072731733322144,11334291,cc2b9202tof4dftoaeb2to9479to0a9a65c604ca
true,float_operation-0,false,2881086,2.8797767162323,2994541,74db7b4fto284btoe795to16c5toe5e320d88103
true,float_operation-0,false,5220609,5.218521356582642,5222075,cd570f0eto21adtofb8etoad3atoe7ba246cc63f
true,float_operation-0,false,4543037,4.540979385375977,4544582,1c927cbdto55cftoa826to5c3dto8e31c550691f
true,float_operation-0,false,2896107,2.8940632343292236,2897543,b374946btof07eto764dto6d75to0959c10f7d3f
true,video_processing-0,false,10176856,10.1736958026886,10178368,039d3e13to00c1to7b2bto536ato8cb8a86e3663
true,float_operation-0,false,5284528,5.282699823379517,5285981,c146fa57to22bato52dato5237toc8052f9b9a6b
true,pyaes-0,false,2581513,2.57925796508789,2583018,f6909b90tod1f4to3cb5to29cdto9a7e630211e7
true,video_processing-0,false,104829957,104.82624292373656,104831325,f9086016to73e8toda58to1e4dto56417a87452c
true,float_operation-0,false,2895146,2.8932108879089355,2896656,bb87bb43to7e8atob191tobe33to47f5990e7591
true,pyaes-0,false,2557016,2.554677724838257,2558552,90dc4ff0toab07todf65to9232to44742ccaa2c9
true,pyaes-0,false,2682247,2.6803767681121826,2683795,b0be08f5tob3bctoac1atodfb0toccd87eabdacc
true,float_operation-0,false,4545820,4.543736457824707,4547366,1138089ctof372toabc4to96d2tof81292635a4b
true,float_operation-0,false,2757686,2.75582218170166,2759210,0a237f8atofa55tod4e4to1ff2to379ba825f4a3
true,pyaes-0,false,2643061,2.6408488750457764,2644435,66b79de2to3775to07c4to85fbto531583c73d3f
true,float_operation-0,false,2884261,2.882349729537964,2885638,1c02d03fto897btoec5btoda7fto86ed31615018
true,float_operation-0,false,2665656,2.663736343383789,2667261,900bc3beto4df5to56c7toc0c7to92e196d479cb
true,video_processing-0,false,11873333,11.870333671569824,11874944,da997917tobe34to4759toe9a3tob3ecf2f03322
true,pyaes-0,false,2530017,2.5278005599975586,2531651,13fc4926toafb1toecf3to5be5toc49aafce7e09
true,video_processing-0,false,11389446,11.38590383529663,11391060,b8c70eaftoc1c9to5246toea0dto9708da51480c
